[1,3,8,9,14,18,24,27,33,38,44,50,55,58,61,62,74,79,84,85,87,98,104,107,109,110,116,117,123,132,136,141,143,145] 
[1,6,8,19,22,26,27,34,39,45,48,51,79,83,85,97,101,102,107,109,113,116,130,133,138,142,145] 
[1,4,10,15,22,25,26,27,33,39,43,51,56,57,61,62,64,74,81,84,85,88,98,105,108,109,112,116,121,123,129,138,140,141,143,144,145] 
[1,5,6,8,12,14,19,21,23,26,31,32,35,40,44,49,53,57,62,72,81,83,86,91,96,104,107,109,113,115,116,120,122,126,132,134,138,142,144,145] 
[1,6,8,10,25,33,40,55,60,62,78,85,91,102,108,109,112,114,115,118,125,135,142,144,145] 
[1,6,7,8,21,41,49,62,74,81,85,98,105,108,109,114,116,132,134,142,144,145] 
[1,5,7,12,15,22,26,33,37,42,48,49,53,62,73,78,82,85,97,104,107,108,109,113,115,120,125,130,132,134,141,143,144,145] 
[1,6,8,19,22,26,27,34,39,45,48,51,79,83,85,97,101,102,107,109,113,116,127,133,138,142,145] 
[1,3,12,17,22,39,42,49,53,73,80,83,85,97,108,109,113,116,120,125,141,144,145] 
[1,40,51,62,78,86,92,102,105,108,109,111,115,116,142,144,145] 
[1,5,7,8,13,15,24,25,31,33,40,43,58,62,80,84,85,98,104,107,108,109,114,116,132,133,137,141,144,145] 
[1,11,15,20,27,31,42,48,61,62,67,70,73,77,78,85,86,88,90,97,101,103,107,108,109,110,114,115,119,123,127,143,144,145] 
[1,4,7,14,15,22,25,30,34,37,45,48,66,73,76,78,87,103,107,109,112,115,116,120,123,130,133,135,142,144,145] 
[1,5,8,12,14,15,33,37,38,41,80,87,90,104,107,109,116,119,122,123,141,144,145] 
[1,5,8,11,15,19,26,34,38,51,60,61,108,109,114,116,120,122,123,130,133,143,144,145] 
[1,2,6,15,28,41,49,79,85,90,97,104,107,110,114,123,136,143,144,145] 
[1,3,5,6,8,12,14,15,43,51,64,66,78,86,90,102,107,109,113,115,116,120,122,123,143,144,145] 
[1,3,6,7,10,13,15,19,21,25,31,34,40,52,54,56,58,60,62,65,74,78,84,85,90,91,102,107,108,109,111,115,121,122,123,130,134,142,143,144,145] 
[1,5,6,8,22,26,34,40,44,49,57,61,62,64,80,84,85,103,107,108,109,112,114,116,122,130,132,133,134,141,144,145] 
[1,3,6,7,8,21,26,30,33,38,44,51,55,62,74,79,84,85,98,103,107,109,113,116,134,138,142,144,145] 
[1,4,7,12,15,25,30,37,44,52,61,62,67,80,84,85,91,103,107,109,116,121,123,133,137,142,143,145] 
[1,6,8,12,15,33,39,43,49,56,73,80,85,97,103,108,109,114,116,120,122,123,135,143,145] 
[1,5,9,10,12,14,31,37,42,55,64,73,85,91,104,108,109,114,116,117,118,122,129,133,138,144,145] 
[1,6,8,14,15,23,25,31,36,37,43,49,56,57,63,66,78,86,102,108,109,113,116,119,123,141,144,145] 
[1,4,8,10,15,26,31,37,41,57,60,62,68,79,86,97,104,109,112,114,115,118,123,139,142,144,145] 
[1,5,7,8,10,15,35,38,44,59,62,78,81,86,97,103,106,107,108,109,113,115,118,123,144,145] 
[1,8,12,14,19,33,37,44,48,60,62,84,85,90,104,107,109,113,116,120,122,127,141,144,145] 
[1,12,18,27,36,49,61,104,108,109,110,114,120,121,128,135,144,145] 
[1,6,7,12,14,22,40,48,57,61,62,74,86,93,98,107,109,115,116,120,122,129,143,144,145] 
[1,5,8,11,15,30,40,51,59,63,80,84,85,102,106,107,109,113,116,119,123,126,128,138,143,144,145] 
[1,5,7,11,22,26,33,38,44,48,58,62,75,81,86,99,107,109,113,114,116,119,143,144,145] 
[1,8,9,14,35,38,48,61,62,66,69,81,83,85,91,104,107,108,109,113,116,117,121,123,143,144,145] 
[1,5,6,8,18,24,26,30,35,37,43,48,54,59,61,62,72,81,84,85,96,105,107,108,109,114,115,116,118,119,120,122,127,132,134,138,143,144,145] 
[1,4,8,11,15,25,40,48,53,61,64,75,91,104,107,108,109,119,123,142,145] 
[1,6,7,8,10,12,40,49,50,52,56,57,62,78,83,84,85,92,102,107,109,114,115,116,119,120,143,144,145] 
[1,6,8,37,41,74,84,85,98,107,109,111,115,116,143,144,145] 
[1,5,8,15,22,25,34,42,58,62,72,85,96,103,123,130,136,143,144,145] 
[1,6,7,12,15,43,51,63,67,78,83,85,91,98,104,107,109,110,113,115,120,123,142,144,145] 
[1,12,15,23,38,55,63,72,81,84,85,96,104,107,109,119,123,131,143,144,145] 
[1,4,6,9,18,21,32,33,40,60,62,74,81,84,85,98,104,108,109,112,122,128,129,142,144,145] 
[1,5,6,7,12,14,15,26,30,34,40,44,51,55,62,67,73,84,85,92,97,105,107,109,114,115,116,121,122,123,134,136,138,144,145] 
[1,12,37,44,49,59,73,82,83,85,97,106,107,108,109,113,115,143,145] 
[1,2,12,15,20,27,32,38,49,55,57,61,62,74,81,86,90,98,105,107,108,109,110,119,122,123,142,143,144,145] 
[1,5,8,10,15,23,25,34,37,44,51,57,62,63,74,84,85,87,98,104,108,109,113,115,123,131,143,145] 
[1,3,5,7,11,15,33,37,53,62,67,70,78,85,96,102,107,108,109,111,116,118,123,141,145] 
[1,5,8,10,39,44,48,54,59,64,80,84,87,96,104,107,109,111,115,116,118,122,123,141,144,145] 
[1,33,38,49,60,62,74,84,85,98,107,109,116,119,123,127,142,144,145] 
[1,5,7,12,33,39,42,51,60,62,72,80,85,98,105,108,109,113,116,120,121,123,141,144,145] 
