[1,11,13,23,28,39,47,50,60,63,71,77,89,92,94,99,107,108,119,123,133,135,142,143,147,155,156,167,175,180,190,210,216,236,239,244,251,253,255,263,266,275,277,288] 
[1,3,20,28,37,47,64,71,77,92,95,97,109,119,142,145,157,167,190,203,239,240,241,247,253,263,277,288] 
[1,9,12,15,20,27,46,51,70,77,92,95,99,117,128,140,142,147,155,165,175,179,184,193,203,215,223,227,231,237,243,259,276,277,287,288] 
[1,12,13,21,24,39,48,53,63,73,77,95,101,107,108,119,142,149,156,157,167,194,215,228,229,239,245,256,263,265,276,288] 
[1,20,23,25,29,48,52,58,71,77,95,100,105,120,123,132,135,141,147,153,180,190,193,206,212,237,239,240,244,250,264,268,276,277,288] 
[1,41,46,61,71,95,100,109,119,142,148,157,168,169,193,209,254,262,277,288] 
[1,16,23,27,35,36,47,51,63,71,77,95,101,107,108,120,123,135,143,148,155,156,168,175,178,187,203,208,217,228,233,239,243,250,251,252,262,275,276,287,288] 
[1,23,29,48,53,72,77,95,103,107,108,120,125,140,143,151,168,175,215,219,239,245,264,273,288] 
[1,12,13,20,23,24,47,53,59,61,71,82,95,99,108,142,150,156,157,166,180,187,193,204,212,228,229,239,245,257,262,271,275,277,288] 
[1,37,49,57,71,78,94,103,120,125,157,167,190,207,253,263,276,288] 
[1,4,23,26,36,41,47,53,61,66,72,75,94,98,108,114,120,123,141,149,156,162,167,175,212,248,277,282,288] 
[1,12,13,16,20,23,28,35,38,46,48,50,63,70,71,76,84,92,95,99,107,108,118,125,132,140,144,147,153,155,156,167,171,179,193,204,209,228,229,239,246,255,262,263,266,275,277,288] 
[1,11,13,20,23,25,37,47,60,71,75,93,96,98,108,120,123,142,145,156,165,179,184,213,227,229,239,241,252,263,277,288] 
[1,7,11,13,20,28,36,37,46,59,61,72,77,95,99,108,109,119,124,142,148,155,157,166,175,179,190,212,231,236,244,251,253,262,275,277,287,288] 
[1,12,13,23,31,39,46,49,59,62,70,95,96,97,103,112,118,134,142,151,166,168,172,184,204,213,223,236,247,255,262,278,286,288] 
[1,23,26,38,47,50,61,70,79,94,101,108,118,125,142,149,167,169,179,193,215,229,239,242,253,262,274,288] 
[1,15,20,25,37,46,51,61,70,71,74,95,98,106,113,118,119,122,143,149,157,161,167,175,179,193,203,215,216,239,240,253,263,268,275,276,281,286,288] 
[1,23,24,35,36,48,60,70,94,101,107,109,117,140,156,166,194,203,215,224,238,245,253,263,276,288] 
[1,12,13,37,47,49,53,60,71,77,95,104,109,120,122,134,142,157,167,188,209,228,229,240,241,245,252,264,276,288] 
[1,3,12,13,21,23,25,36,37,44,60,61,68,71,75,95,96,97,108,118,120,122,125,143,144,146,157,167,175,187,203,228,229,236,239,242,252,253,260,275,277,284,287,288] 
[1,20,25,36,47,60,70,95,100,105,119,121,127,138,147,158,167,173,194,206,216,227,229,236,244,254,263,276,288] 
[1,22,27,71,79,96,99,120,140,144,147,153,167,175,188,209,238,243,271,280,288] 
[1,3,14,59,143,150,167,179,191,205,209,220,231,288] 
[1,37,48,58,60,72,80,94,96,97,106,109,118,120,124,142,148,157,166,168,175,193,214,244,253,264,274,277,286,288] 
[1,2,7,11,16,22,26,55,60,96,109,151,156,202,216,228,233,239,242,257,264,288] 
[1,2,12,13,23,27,36,37,47,59,61,71,74,94,107,109,119,122,142,147,155,157,167,175,188,192,193,204,228,229,239,243,255,263,275,277,288] 
[1,7,22,23,24,28,37,48,52,60,71,85,92,94,99,109,118,134,140,142,148,157,166,168,175,179,199,203,212,223,239,240,243,253,263,264,268,276,288] 
[1,3,10,15,20,22,23,24,25,40,47,52,62,71,72,75,92,95,108,119,120,123,140,143,156,167,176,195,200,209,226,236,239,240,246,251,262,265,270,287,288] 
[1,23,26,35,37,48,50,63,72,75,95,99,108,109,120,123,142,147,156,157,168,190,204,239,241,255,264,267,276,287,288] 
[1,3,25,167,179,189,215,229,240,288] 
[1,12,13,23,26,36,47,48,52,60,71,76,94,100,108,119,125,142,144,148,156,167,168,176,226,239,244,253,263,277,288] 
[1,23,24,40,46,49,61,71,76,94,108,118,124,140,144,146,156,167,175,188,203,212,232,236,255,264,276,277,286,288] 
[1,13,23,28,37,47,65,71,77,92,106,109,119,125,140,148,157,167,169,190,209,231,239,240,241,248,258,263,276,288] 
[1,24,28,40,46,49,53,64,73,77,82,86,94,95,99,105,108,109,120,135,142,144,147,157,166,168,175,179,191,210,216,240,244,254,262,265,267,272,276,277,288] 
[1,23,24,35,49,59,94,99,107,142,149,216,229,239,240,251,264,277,288] 
[1,32,47,62,72,74,94,97,104,120,123,142,146,162,169,180,193,207,232,240,277,287,288] 
[1,12,13,22,25,36,46,50,60,70,75,93,108,119,123,140,145,156,167,168,169,191,193,212,230,238,241,252,262,276,286,288] 
[1,3,7,11,15,23,27,36,46,51,60,71,78,84,87,93,99,109,118,123,132,135,141,144,146,157,166,175,179,192,193,214,223,228,232,239,242,254,262,277,288] 
[1,23,24,37,48,61,70,72,76,85,96,109,119,133,144,150,157,166,175,179,190,203,253,262,277,287,288] 
[1,23,25,41,47,56,59,61,72,82,96,101,109,119,122,134,144,157,167,184,202,212,220,238,246,275,277,288] 
[1,23,26,41,47,62,72,76,93,96,98,109,119,124,141,144,146,152,157,167,175,180,190,203,212,239,242,253,263,277,288] 
[1,2,11,12,13,23,26,36,47,60,71,77,92,108,119,121,125,140,156,167,172,187,205,227,228,229,239,240,252,263,275,276,288] 
