[1,21,37,45,60,69,72,93,99,109,112,117,133,141,157,165,168,189,192,203,214,252,301,313,326,337,350,362,374,385,397,415,424,429,438,447,468,501,534,535,536,552,558,559] 
[1,7,25,34,49,58,69,124,130,135,145,154,165,217,226,231,241,250,252,260,301,313,324,337,345,361,369,384,394,408,427,436,441,460,505,513,531,534,536,538,545,547,557,558,559] 
[22,34,46,59,67,79,89,107,113,118,129,140,156,162,175,184,204,214,227,235,251,301,312,326,335,345,359,373,383,396,414,421,436,446,460,486,511,516,534,536,547,558,559] 
[1,21,35,46,58,66,90,97,117,129,139,153,213,225,235,249,252,260,301,312,326,336,345,359,374,384,396,412,423,435,445,459,471,488,496,506,515,519,535,559] 
[1,24,34,47,58,67,71,84,107,117,129,142,154,163,167,180,203,215,226,235,240,250,252,257,260,269,273,301,314,326,336,337,346,362,374,384,393,411,426,435,442,450,459,466,469,486,492,502,513,519,532,536,548,553,554,556,559] 
[1,12,13,22,30,35,45,60,63,90,96,108,111,118,129,139,156,159,164,168,188,191,203,208,213,227,234,251,256,257,298,301,311,326,335,345,359,374,384,389,393,399,410,414,417,424,436,445,459,462,465,486,488,498,507,512,522,534,537,538,542,547,552,554,555,556,557,558,559] 
[1,6,21,33,45,59,66,108,111,117,128,142,155,163,167,178,191,205,208,213,223,237,251,260,264,268,276,281,326,336,344,347,356,384,393,414,423,435,447,458,480,489,496,504,513,522,532,534,535,536,550,558,559] 
[3,21,33,45,57,66,102,117,129,139,153,164,199,213,225,235,249,301,313,326,335,346,360,374,383,396,410,423,434,445,460,465,471,499,513,533,536,549,559] 
[4,22,34,46,58,66,110,112,117,129,139,154,155,159,165,200,212,225,236,250,257,301,313,326,336,341,345,361,374,385,389,393,396,410,416,418,424,436,446,460,461,465,472,483,486,489,496,530,534,536,543,548,559] 
[21,60,66,71,79,108,114,139,156,176,193,204,208,219,235,252,277,278,301,313,326,337,342,344,360,374,389,393,414,424,447,462,465,486,504,517,523,535,536,538,545,548,552,555,557,558,559] 
[1,16,35,41,50,57,67,82,91,107,109,111,117,132,138,155,162,176,190,203,207,214,227,234,249,254,255,265,266,288,290,303,313,324,337,349,361,372,385,393,413,418,423,438,443,459,468,471,476,482,489,492,495,496,503,515,522,524,530,533,535,536,553,554,555,557,558,559] 
[1,16,26,35,46,59,63,107,111,118,130,139,154,162,203,207,214,226,231,242,251,267,276,290,301,336,345,360,374,384,396,413,424,436,442,447,461,484,523,535,536,553,559] 
[1,22,34,42,56,60,64,89,107,118,130,138,154,156,160,170,184,197,205,208,217,223,234,249,252,254,255,256,257,273,280,281,289,290,303,313,327,335,345,361,375,383,395,410,415,418,424,434,444,459,502,512,521,524,532,533,536,542,555,558,559] 
[1,10,14,20,60,64,73,86,100,118,139,153,156,160,169,182,196,213,235,249,264,267,275,277,281,288,291,296,303,305,326,335,347,350,364,374,389,394,412,416,417,445,459,496,506,512,519,531,536,538,542,546,553,555,559] 
[1,4,12,13,18,26,31,40,56,60,64,87,95,108,111,114,123,126,138,153,156,160,173,179,191,203,208,217,223,228,249,252,257,265,268,276,281,289,292,297,300,301,306,307,320,337,345,361,374,384,389,393,395,404,412,418,429,432,444,456,462,465,478,497,498,501,502,507,513,519,520,531,533,535,536,547,554,555,556,559] 
[1,16,57,63,108,115,152,210,224,234,246,276,281,300,301,311,315,323,327,335,346,359,363,371,374,382,393,414,418,462,465,467,484,488,497,504,513,520,523,525,533,536,553,554,555,556,557,558,559] 
[1,15,21,35,40,58,60,62,81,86,96,107,111,122,129,139,154,161,204,208,218,225,236,249,252,257,269,272,276,281,303,312,321,336,345,360,369,382,391,396,411,414,418,423,438,445,459,463,465,476,481,488,495,498,506,514,519,526,529,531,532,535,536,545,546,555,558] 
[16,34,45,58,60,63,66,74,90,98,117,130,139,154,162,194,212,226,235,250,303,313,326,336,345,361,374,384,396,413,415,417,423,436,444,459,462,465,469,486,488,506,512,531,535,536,547,550,553,554,556,558,559] 
[1,8,18,26,33,40,48,57,61,63,92,107,118,129,138,153,188,197,216,226,231,250,301,312,326,337,345,361,374,384,396,413,427,435,445,459,485,490,501,523,548,554,555,558,559] 
[1,9,16,34,45,59,66,109,118,129,139,155,162,205,214,237,249,251,257,276,281,301,313,326,337,349,360,374,384,390,393,413,424,435,447,461,465,483,490,504,513,522,535,536,545,547,555,556,558,559] 
[1,4,21,33,45,58,63,118,129,141,153,156,159,238,249,251,257,301,312,326,336,345,360,374,383,394,410,423,434,448,458,481,530,534,535,536,548,555,556,558,559] 
[1,21,45,59,66,90,107,118,154,213,250,301,336,346,360,374,384,396,413,423,448,460,485,514,519,533,536,547,552,554,558,559] 
[1,21,60,65,109,112,118,156,161,204,210,251,303,313,327,336,350,359,374,383,395,413,418,478,504,512,531,554,555,559] 
[1,16,22,34,45,58,60,63,68,72,89,101,118,130,138,156,161,185,198,214,226,241,251,325,336,350,362,373,384,396,410,423,436,444,462,502,514,519,533,536,548,558,559] 
[1,4,26,35,40,48,58,68,107,109,112,118,130,139,156,159,202,205,208,217,227,234,251,273,289,290,303,326,337,346,350,360,373,383,394,404,414,418,426,437,445,451,459,462,501,513,533,535,536,555,558,559] 
[1,22,35,45,59,65,108,112,122,132,139,155,164,204,210,218,228,235,251,266,313,326,336,350,359,373,384,389,393,396,411,428,462,465,485,504,514,522,557,559] 
[22,33,49,57,64,108,112,120,129,136,155,162,204,208,217,225,235,251,301,313,326,337,345,360,374,386,397,411,414,418,427,435,447,459,481,504,513,521,547,552,554,558,559] 
[1,12,13,18,26,31,40,56,60,64,87,95,107,112,123,126,135,153,156,160,173,179,191,203,208,224,228,249,252,257,265,268,273,277,281,297,300,301,306,307,320,337,345,361,374,384,389,393,404,412,418,429,433,442,459,478,486,489,498,501,502,507,513,522,531,534,535,536,538,545,554,555,558,559] 
[1,2,15,22,40,57,60,63,108,112,117,128,139,153,156,159,204,207,212,224,229,237,249,260,263,268,273,276,278,284,287,289,290,303,312,326,336,345,360,374,384,389,393,413,417,424,433,445,459,479,481,503,506,514,523,533,536,540,545,546,552,556,558,559] 
[1,11,14,26,35,47,58,65,73,89,97,123,145,152,156,159,164,169,185,193,219,225,235,249,269,275,281,292,313,326,337,346,361,374,385,394,410,415,416,429,439,445,458,501,530,532,534,536,555,558,559] 
[1,4,11,16,19,27,35,42,49,57,62,63,67,71,87,95,103,108,112,121,129,134,145,152,155,160,167,183,191,199,204,208,217,225,230,241,248,251,260,264,269,273,276,278,280,281,288,293,300,301,303,313,326,335,347,350,359,365,368,371,374,383,390,392,396,414,417,427,435,444,451,459,486,488,503,513,519,523,525,531,536,543,545,548,552,554,555,556,557,558,559] 
[1,15,59,63,118,130,138,154,213,227,232,251,268,276,326,337,350,362,374,385,396,408,418,461,483,500,504,513,531,535,536,548,559] 
[4,22,32,45,57,59,66,77,204,207,214,224,235,250,251,255,273,277,278,288,293,300,301,311,326,335,345,359,374,384,387,389,393,396,413,423,433,445,459,462,465,477,483,486,488,495,505,513,522,525,531,534,536,548,552,554,558,559] 
[1,19,25,35,44,57,67,85,90,106,118,130,140,154,163,181,187,203,210,214,226,236,249,260,274,283,298,301,311,326,336,345,359,374,383,396,413,421,437,444,459,462,465,480,490,504,513,531,534,536,547,558,559] 
[1,5,22,58,63,70,79,97,108,111,131,139,154,162,168,177,193,213,238,250,301,374,385,396,408,414,422,437,445,460,501,515,534,545,546,550,558,559] 
[1,20,33,52,59,63,109,112,126,130,135,140,155,159,205,207,222,227,236,246,250,326,336,340,344,389,393,396,414,417,432,437,446,461,465,468,505,515,531,535,536,549,553,558,559] 
[1,8,18,57,66,75,90,108,115,128,139,153,159,200,212,225,234,249,254,255,303,313,326,335,345,360,374,384,393,414,420,461,465,480,514,519,531,544,546,552,554,555,558,559] 
[1,21,33,50,57,63,97,118,129,141,154,162,203,213,225,231,242,250,254,255,292,301,313,326,337,345,361,374,384,393,409,424,435,447,460,506,529,534,536,548,552,556,557,558,559] 
[1,10,12,13,14,15,20,26,33,43,57,63,71,115,129,139,153,159,218,224,235,249,251,253,257,265,266,276,277,278,288,290,300,301,313,326,336,349,361,374,385,395,404,427,433,445,459,483,504,513,531,533,535,536,537,545,546,553,556,558,559] 
[1,4,11,15,20,33,42,57,60,63,78,95,101,131,136,153,156,159,168,173,192,195,205,211,225,231,249,268,278,281,288,292,312,326,335,345,361,374,383,389,393,413,421,435,445,459,480,489,496,506,511,519,522,536,548,555,556,558,559] 
[1,9,15,20,34,44,60,66,124,130,136,154,156,159,213,225,236,250,251,253,265,266,276,289,290,300,301,313,326,337,345,361,374,385,396,413,422,436,446,461,465,479,486,489,505,514,519,531,534,536,551,555,556,558,559] 
[1,3,4,21,27,35,45,59,60,63,83,95,104,107,117,123,130,139,155,160,179,191,204,208,213,227,235,251,254,257,265,267,275,290,301,313,326,336,341,345,361,374,385,396,414,423,436,445,462,484,500,506,514,532,534,535,536,547,552,555,556,557,558,559] 
[1,5,24,35,44,58,66,107,116,129,140,153,161,203,212,225,236,249,253,264,278,288,301,313,326,336,344,361,374,384,393,413,422,435,446,459,493,505,513,531,536,548,554,555,558,559] 
[1,18,31,35,45,58,64,79,90,104,117,130,142,154,162,175,186,200,213,226,238,250,301,313,327,336,346,361,374,385,396,410,423,436,448,460,495,515,520,527,532,555,558,559] 
[1,18,33,42,58,59,63,65,82,89,95,105,115,130,138,153,156,159,177,185,201,210,226,234,250,264,266,302,313,326,336,345,360,374,384,396,410,420,436,444,460,507,513,519,525,531,555,558,559] 
[4,11,20,34,44,58,66,108,116,129,139,155,162,204,206,207,213,224,238,250,257,302,313,321,337,345,361,374,389,393,404,414,418,445,460,465,471,483,505,513,530,534,536,548,555,556,557,558,559] 
[12,16,27,34,45,58,66,71,90,95,109,111,117,131,139,155,162,168,172,186,191,205,207,213,226,235,251,276,280,301,314,326,337,340,344,361,374,385,389,392,396,412,415,417,422,436,445,459,480,504,512,522,535,536,556,558,559] 
[1,10,18,31,34,45,58,69,74,93,98,104,113,138,154,155,163,186,194,211,227,235,250,301,314,326,341,345,364,374,384,394,408,422,437,445,460,506,515,548,558,559] 
[1,16,23,35,41,57,59,63,108,112,119,131,137,154,155,161,176,204,208,215,227,235,250,251,257,301,341,345,362,368,385,396,414,425,437,444,460,461,465,480,491,499,533,536,551,557,559] 
[1,2,20,35,44,58,60,63,105,114,129,140,150,154,156,160,203,210,222,225,235,250,303,313,324,335,346,361,369,374,383,390,393,396,411,420,435,446,459,468,502,513,516,524,528,534,536,548,551,554,558] 
[1,12,15,22,33,46,57,69,107,115,153,165,216,225,235,251,301,313,326,337,344,361,374,383,396,410,424,459,465,471,480,503,513,522,525,534,542,548,554,558,559] 
[1,5,24,35,43,58,66,107,120,129,139,153,161,203,212,225,236,249,264,278,288,301,313,326,336,344,361,374,384,393,413,422,435,444,459,493,505,513,531,536,548,554,555,558,559] 
[1,4,7,15,58,81,95,103,122,129,139,153,172,191,212,225,236,250,257,265,266,276,278,279,289,290,302,312,317,321,326,336,341,345,361,374,385,389,393,396,404,427,435,446,460,473,479,485,495,513,518,521,525,534,535,536,542,550,557,558,559] 
[1,2,4,6,20,58,63,104,114,130,145,154,159,172,184,200,217,224,238,251,264,265,266,276,289,290,300,301,313,326,337,341,345,347,349,361,365,374,386,389,393,396,413,422,435,448,459,483,505,511,512,532,542,543,548,549,557,558,559] 
