[1,3,21,28,38,50,52,62,78,111,120,144,147,155,191,209,222,226,240,264,270,272,289,292,296,305,316,325,336,341,343,344,349,364,370,375,394,399,401,402,438,442,449,452,459,463] 
[1,4,36,47,56,62,69,108,120,134,139,155,163,174,192,210,222,240,258,271,283,289,295,304,309,324,336,342,347,352,365,376,387,396,399,406,440,460,463] 
[1,2,18,25,40,69,109,114,146,154,168,184,213,223,243,251,261,282,292,302,330,339,343,347,364,371,393,396,400,402,403,407,431,451,460,461,463] 
[1,2,23,25,39,43,82,91,108,114,126,128,141,163,167,188,194,196,213,226,234,238,243,264,272,282,289,291,292,294,298,305,330,342,343,344,349,357,370,384,393,400,401,403,404,407,417,439,440,441,450,453,461,463] 
[1,19,28,38,76,94,110,116,133,140,145,154,167,176,184,190,200,223,230,243,262,293,298,326,342,347,352,358,373,393,399,407,418,439,450,460,463] 
[1,6,33,88,110,116,122,126,128,129,139,161,170,210,223,237,262,268,282,289,296,304,326,332,342,344,350,381,383,385,392,393,401,402,404,436,439,440,441,449,461,463] 
[1,7,48,57,62,77,106,117,134,142,162,172,180,184,191,213,221,243,260,274,282,288,293,304,336,349,365,372,392,398,402,403,407,439,440,462,463] 
[1,14,24,36,57,83,93,108,125,142,176,184,200,220,230,261,268,285,289,292,304,324,342,348,362,374,393,396,399,402,403,404,441,459,462,463] 
[1,10,24,36,94,109,124,126,131,133,141,163,171,176,189,205,220,224,241,250,263,277,289,293,311,324,330,340,342,352,363,366,372,390,395,402,403,406,415,433,441,455,463] 
[1,18,24,110,130,145,157,172,197,225,236,263,272,279,289,291,292,302,326,342,344,349,363,371,395,401,402,417,434,439,440,441,449,454,459,463] 
[1,38,71,76,91,110,124,127,132,143,147,173,177,185,206,225,237,243,257,264,271,283,288,293,304,317,326,343,347,351,365,372,393,396,402,406,437,461,463] 
[1,35,50,52,80,93,108,114,127,128,148,173,184,211,223,243,256,264,279,289,292,297,309,324,330,343,344,347,351,366,373,389,397,403,404,451,453,463] 
[1,38,57,110,122,133,143,147,155,163,173,206,224,240,282,289,292,301,337,342,347,351,359,365,374,388,396,401,402,403,405,439,440,452,457,463] 
[1,36,69,108,126,140,147,153,163,170,177,184,205,210,224,235,240,289,292,298,304,325,341,347,352,359,362,370,372,388,393,399,402,432,440,441,463] 
[36,54,62,72,76,88,116,127,131,133,142,163,171,210,220,240,250,257,283,289,293,304,332,342,347,352,357,366,371,393,396,399,402,403,406,430,439,441,445,455,461,463] 
[1,40,61,67,82,111,132,138,163,169,179,260,273,279,288,297,305,325,334,347,363,373,388,399,401,402,403,404,405,422,439,441,443,450,453,459,463] 
[12,109,143,243,292,324,345,396,411,463] 
[1,9,47,85,114,129,134,140,158,170,184,221,243,256,259,272,277,296,310,330,342,349,393,400,401,402,404,410,439,440,441,450,453,461,462,463] 
[1,29,45,48,54,66,94,102,120,124,126,137,142,145,154,163,171,175,179,205,224,234,252,263,290,291,305,318,337,339,342,346,351,359,365,370,379,387,393,399,406,439,441,444,445,449,454,461,462,463] 
[1,43,72,76,109,125,141,185,211,224,241,260,288,292,296,325,341,344,349,365,371,394,396,399,402,407,440,441,460,462,463] 
[1,16,24,33,47,49,62,73,90,92,114,120,130,133,136,144,155,160,184,226,243,248,277,288,297,302,308,325,335,341,347,351,365,376,390,399,401,403,404,408,423,433,441,463] 
[1,59,76,81,101,102,106,112,126,128,132,135,163,166,203,205,208,211,215,223,224,235,237,253,256,288,290,292,302,330,342,344,347,364,369,381,390,396,399,402,405,415,417,427,431,439,446,450,453,463] 
[3,48,54,110,155,169,171,185,205,225,241,263,283,292,298,325,342,347,351,366,371,382,393,399,406,439,440,441,449,453,461,463] 
[1,15,85,90,125,144,152,174,213,223,224,266,268,272,273,275,276,288,292,304,330,336,339,350,358,365,393,403,404,405,427,439,440,441,463] 
[1,42,52,57,69,87,96,114,120,127,128,138,147,164,177,205,224,235,260,268,272,282,285,291,292,304,309,329,337,343,344,347,365,373,393,396,399,402,405,438,440,461,462,463] 
[1,47,76,109,126,131,134,141,148,155,178,185,190,213,221,243,257,283,288,292,304,342,344,351,357,366,370,393,400,402,406,433,439,440,441,451,453,463] 
[1,37,71,77,91,109,124,127,143,146,172,176,185,205,220,233,235,243,256,265,271,277,283,288,293,304,317,325,343,345,349,365,372,376,391,395,396,400,405,437,461,462,463] 
[1,12,47,53,74,108,127,141,146,155,164,172,176,184,206,223,224,241,253,272,279,288,291,304,307,323,335,343,347,367,370,376,381,393,400,410,427,439,441,453,454,460,463] 
[1,5,19,44,47,54,67,80,108,127,128,129,142,144,148,157,171,175,179,212,225,241,261,274,282,289,291,299,310,325,342,347,366,368,372,382,393,396,405,418,427,435,439,440,441,459,463] 
[1,38,69,108,125,141,150,154,162,165,191,207,221,237,262,283,288,292,307,326,342,343,344,348,363,366,368,373,381,383,390,396,403,404,439,440,441,449,460,463] 
[1,2,72,76,109,125,128,131,133,141,146,155,163,171,177,184,213,224,242,259,298,326,341,344,348,365,373,381,395,401,404,429,440,441,455,461,463] 
[1,47,54,72,80,108,111,114,127,131,133,134,143,190,212,223,243,263,282,291,292,298,304,325,330,343,344,347,350,363,366,372,393,397,401,402,403,404,406,439,441,462,463] 
[1,36,61,109,112,114,127,128,144,150,159,168,174,180,188,261,279,290,292,294,297,306,325,342,344,352,357,358,363,366,370,373,379,391,397,401,404,406,418,438,463] 
[1,72,92,115,133,139,197,260,266,288,290,297,310,330,342,344,350,368,397,399,401,406,439,441,459,462,463] 
[1,12,48,61,93,108,126,128,141,158,164,185,213,219,224,234,243,249,261,285,288,292,298,305,324,342,350,359,364,373,390,397,402,403,407,439,440,456,461,463] 
[1,93,108,127,128,141,260,302,322,341,346,390,396,401,404,437,439,441,451,453,461,463] 
[1,10,23,32,43,61,67,75,82,109,120,124,126,131,143,196,213,228,243,273,282,288,296,306,327,342,350,365,374,381,399,401,404,406,412,429,461,463] 
[1,48,69,114,126,128,153,189,213,224,240,264,267,272,279,288,292,301,332,342,347,364,371,393,396,398,400,402,403,405,439,440,441,449,450,454,456,461,462,463] 
[1,2,43,48,52,70,108,120,139,155,165,169,176,185,205,218,224,236,254,261,272,283,288,296,305,330,336,348,364,375,381,393,398,399,404,417,437,439,441,444,450,453,459,461,463] 
[1,22,25,120,127,128,131,133,155,180,185,225,243,262,289,292,308,325,343,344,347,366,373,381,395,400,402,403,404,406,439,441,463] 
[1,36,76,110,125,141,147,155,163,171,178,184,206,218,240,263,272,282,289,291,292,304,326,343,344,347,365,376,378,391,396,401,402,403,404,406,427,441,449,454,456,462,463] 
[1,13,30,45,108,117,133,136,181,184,211,224,241,288,291,296,304,324,333,342,347,382,383,393,401,403,404,405,439,440,463] 
[1,48,57,110,126,141,158,171,212,220,240,260,289,291,296,304,316,326,338,342,346,350,362,371,387,393,397,401,402,403,405,413,438,439,441,442,451,463] 
[1,12,47,76,92,106,115,124,136,155,175,185,205,225,230,243,282,299,305,331,351,361,366,370,376,390,399,403,404,406,439,441,451,453,463] 
[1,11,20,36,68,72,79,90,93,99,108,124,126,128,132,137,142,147,155,175,185,198,222,242,260,282,284,288,298,306,324,336,348,363,366,370,374,381,382,383,387,390,396,401,403,404,439,440,441,453,460,462,463] 
[1,15,93,114,123,126,133,142,165,184,206,222,236,278,289,292,304,325,342,348,362,373,394,400,407,439,461,463] 
[1,20,29,48,69,110,125,126,131,148,154,167,171,177,183,210,224,237,283,291,293,304,326,338,340,342,347,352,364,366,372,393,395,401,407,435,447,453,462,463] 
[1,33,76,110,126,132,134,141,205,226,235,263,276,289,291,292,303,313,326,343,344,349,356,366,370,373,390,395,400,401,402,403,405,454,463] 
[1,16,24,35,95,109,125,126,141,146,161,163,190,212,221,242,283,293,311,326,331,351,359,367,370,376,382,388,393,397,408,439,442,461,462,463] 
[1,16,24,33,36,47,49,62,73,87,94,107,114,119,130,133,143,155,160,167,184,205,224,243,249,276,288,297,302,308,325,335,341,347,352,365,375,390,399,403,404,408,423,432,441,463] 
[1,36,52,71,76,108,143,162,174,196,213,225,242,260,264,269,283,288,291,304,324,347,364,368,376,390,399,402,404,406,436,441,447,452,459,463] 
[1,14,24,36,45,57,83,94,108,125,142,154,163,176,184,205,220,235,263,268,285,288,292,304,324,342,347,350,359,373,393,396,399,402,403,404,405,441,459,463] 
[1,42,69,110,119,185,213,224,243,257,289,292,303,332,350,392,397,401,403,404,439,440,453,463] 
[1,15,72,77,108,127,128,143,146,155,163,169,236,260,289,292,307,324,343,344,351,366,370,375,393,396,405,432,439,441,461,463] 
[1,5,14,24,36,48,53,81,108,126,128,129,133,135,142,146,154,163,171,176,189,204,218,235,262,270,272,279,289,292,304,307,324,342,344,347,351,359,365,370,385,400,403,404,406,434,441,459,463] 
[1,48,54,76,110,127,128,133,142,159,178,189,240,263,268,288,291,292,304,313,326,336,348,366,370,393,396,399,405,425,439,441,461,463] 
