[1,4,5,16,17,23,26,28,35,40,41,47,50,60,64,65,72,76,83,88,96,97,99,107,112,113,119,122,125,130,132,136,143,150,155,162,167,176,191,192,196,197,208,209,216,217,220,228,229,232,240,244,245,251,253] 
[1,20,23,27,38,41,47,49,59,62,74,77,83,85,94,95,99,113,119,121,122,128,130,144,146,156,160,166,168,170,183,193,194,215,217,228,231,245,251,252,253] 
[1,6,13,17,24,26,29,40,41,47,49,60,61,62,66,73,78,84,85,92,96,97,98,100,101,112,113,120,121,122,125,130,144,146,155,161,165,168,170,176,184,190,194,198,206,210,215,217,224,228,229,230,232,233,244,245,250,251,253] 
[1,20,23,27,38,41,47,49,59,62,74,77,83,85,94,95,99,113,119,121,122,128,130,144,146,156,160,165,168,170,183,193,194,215,217,227,231,245,251,252,253] 
[1,6,9,17,24,25,36,37,41,47,49,52,58,61,64,65,69,78,83,85,94,97,98,100,101,105,111,114,117,119,121,130,131,134,143,145,146,154,156,158,166,169,174,181,190,196,198,201,203,207,215,217,226,228,229,230,232,234,237,240,246,249,251,253] 
[1,2,6,14,18,23,26,28,29,38,41,46,47,48,49,60,62,65,74,77,82,83,84,85,96,98,101,110,114,120,121,143,149,155,161,167,170,186,192,194,197,206,209,214,215,217,228,230,233,242,246,252,253] 
[1,2,6,14,18,23,26,38,41,47,49,57,60,63,74,80,83,85,93,96,98,110,116,119,121,128,130,137,143,147,152,155,161,167,172,186,190,206,212,215,217,228,230,235,242,248,251,253] 
[1,8,10,14,23,25,28,34,41,47,49,58,60,61,62,70,74,84,85,93,95,100,106,110,113,117,118,119,120,121,124,129,132,133,134,141,144,146,148,153,156,157,159,165,168,171,175,188,191,194,195,202,206,225,238,242,249,250,252,253] 
[1,6,10,18,23,25,28,29,38,41,46,47,48,49,60,62,64,65,74,77,82,83,85,96,98,100,101,110,114,120,121,128,130,137,141,149,155,161,167,170,179,186,192,194,197,206,209,214,215,216,217,228,230,232,233,242,246,251,253] 
[1,3,24,29,37,44,52,60,61,63,67,74,85,96,97,99,119,122,125,130,131,135,141,147,149,154,155,159,165,169,170,175,179,191,193,195,215,217,220,226,228,229,231,239,251,253] 
[1,17,47,48,49,56,60,63,83,85,92,96,99,119,121,125,131,137,143,149,155,161,167,186,188,190,193,195,215,217,221,228,229,230,251,253] 
[1,13,24,25,47,49,55,61,62,84,85,89,92,94,96,98,109,116,120,121,122,131,136,143,149,155,160,168,172,179,180,181,193,194,202,209,216,217,223,228,230,246,251,253] 
[1,18,22,23,25,40,41,46,47,49,57,59,61,62,78,83,84,93,96,97,98,112,114,118,119,120,123,125,128,130,133,137,141,143,146,148,152,154,161,165,167,170,180,190,193,194,206,210,214,215,217,224,228,229,230,232,234,236,238,239,244,245,250,251,252,253] 
[13,20,23,25,44,47,49,60,64,73,80,83,85,96,97,99,116,119,121,122,131,135,141,144,146,149,156,161,165,172,183,192,195,214,215,217,228,231,251,252,253] 
[1,18,24,25,47,49,52,59,69,78,83,85,93,96,100,119,121,130,134,143,146,154,158,166,176,181,190,196,215,217,226,228,232,246,249,251,253] 
[1,2,4,18,22,23,26,37,42,47,49,56,60,62,73,78,83,85,96,98,100,114,119,121,122,132,136,142,146,154,156,164,166,168,172,176,185,190,193,194,196,197,204,210,215,217,221,228,230,240,246,250,251,253] 
[1,23,25,29,34,35,47,49,57,60,63,66,70,71,76,77,82,83,85,93,96,99,107,112,113,118,119,121,122,125,130,131,135,142,148,154,155,160,166,168,171,178,191,196,209,214,215,217,225,228,231,239,244,245,250,251,253] 
[1,4,5,13,17,23,25,28,29,38,41,48,49,59,64,65,72,77,83,85,95,100,101,109,115,119,121,125,130,137,142,149,155,161,166,173,186,189,192,193,194,196,197,215,217,227,232,233,241,245,251,252,253] 
[1,17,19,23,24,27,41,42,46,47,49,59,60,61,63,83,85,95,100,119,120,121,127,132,136,144,149,156,157,163,168,172,185,192,193,194,195,215,217,227,229,232,245,250,251,252,253] 
[1,7,23,30,49,50,56,63,85,92,98,110,119,120,124,130,131,135,141,147,154,160,166,171,179,189,193,195,196,224,231,242,250,251,252,253] 
[1,4,10,11,24,25,28,47,49,60,63,78,82,83,85,96,99,119,121,122,128,130,132,134,142,143,144,146,149,154,156,158,166,168,170,176,185,186,192,196,215,217,226,228,232,251,253] 
[1,23,27,46,47,61,71,72,82,83,88,89,100,102,106,114,118,119,121,122,130,132,133,142,144,146,152,154,156,158,160,165,169,170,184,189,194,196,197,202,210,214,215,216,220,221,223,224,228,229,231,238,239,246,250,251,253] 
[1,20,24,26,43,48,49,60,64,73,79,84,85,88,96,98,101,115,120,121,130,132,134,142,148,154,156,158,166,176,190,192,193,194,196,212,216,217,228,229,230,239,244,247,251,253] 
[1,4,5,16,17,23,28,29,34,40,41,46,47,49,60,63,65,70,76,77,84,85,96,99,101,109,113,120,121,125,130,137,142,149,154,155,160,167,169,170,179,186,189,196,197,202,208,209,214,215,216,217,228,231,233,241,245,251,253] 
[1,16,17,23,25,28,47,48,49,60,63,65,83,85,96,100,101,119,121,125,130,136,142,148,154,155,158,164,166,173,183,193,196,215,219,228,231,247,251,252,253] 
[1,23,28,34,41,47,49,56,60,63,70,77,83,85,94,96,99,106,116,119,120,121,122,130,132,134,141,144,146,154,159,165,174,183,193,195,201,209,215,217,225,227,232,251,253] 
[1,50,59,64,85,95,122,129,134,142,146,153,158,166,171,180,193,195,218,225,251,253] 
[1,10,13,16,23,25,28,41,47,49,59,63,81,83,85,95,99,103,107,109,113,119,121,123,126,130,132,134,138,142,144,147,150,155,156,158,162,166,168,169,170,175,184,187,192,193,195,206,208,215,216,217,224,227,231,235,245,251,253] 
[1,23,28,47,49,52,56,60,61,64,83,84,85,95,98,100,113,117,119,121,122,131,132,133,155,158,168,170,181,189,196,205,208,209,213,215,216,217,222,224,225,226,228,232,245,249,251,252,253] 
[1,16,17,24,25,40,42,47,48,49,59,60,61,62,64,66,69,70,78,81,82,83,84,85,92,95,97,98,100,117,118,119,120,121,122,128,129,131,135,141,144,145,147,150,154,155,159,162,165,168,171,184,190,192,193,194,196,197,202,210,213,214,215,217,227,229,230,232,244,246,249,250,251,252,253] 
[1,4,5,10,11,16,17,23,24,26,28,29,34,35,40,41,46,47,49,57,60,63,64,65,70,71,74,77,82,83,84,85,93,96,97,98,100,101,106,107,112,113,118,119,122,128,129,132,135,141,142,144,147,152,153,156,159,165,168,170,186,191,193,194,196,197,202,203,208,209,215,217,225,228,229,230,232,233,238,239,244,245,246,250,251,253] 
[1,21,23,25,47,49,61,64,78,83,85,92,97,98,119,121,122,130,136,144,148,153,161,166,168,170,189,193,194,215,217,224,229,232,245,251,252,253] 
[1,4,23,26,47,50,59,64,84,86,88,96,100,107,119,121,125,130,132,134,141,144,146,149,154,156,158,161,165,168,170,189,192,196,215,217,220,227,228,232,239,251,253] 
[1,13,14,16,17,23,24,25,28,29,34,35,40,41,47,49,57,59,60,61,62,64,65,83,85,92,95,96,97,98,100,101,106,110,112,119,121,130,132,135,142,144,147,150,154,156,159,162,165,169,170,172,194,195,215,217,228,229,230,244,245,250,252,253] 
[1,22,27,47,49,59,64,83,85,95,100,119,121,123,130,135,143,147,154,156,158,168,170,189,193,194,215,217,227,231,251,253] 
[1,23,26,47,48,49,59,61,62,83,85,95,97,98,119,120,121,122,124,130,135,141,146,154,159,166,173,184,189,193,194,215,216,217,227,229,230,251,252,253] 
[1,23,28,47,49,59,60,64,83,85,93,96,100,119,121,130,136,142,146,154,156,158,161,166,171,190,193,195,218,225,228,232,251,253] 
[1,8,13,17,23,27,37,41,47,49,60,61,63,73,77,83,85,95,97,99,109,116,119,121,122,125,129,131,134,137,141,149,153,161,165,175,186,189,195,197,204,212,215,217,228,241,248,251,253] 
[1,23,25,47,49,60,62,83,85,96,97,98,117,122,125,130,132,135,142,145,146,149,155,156,159,166,171,190,195,215,217,228,229,230,249,251,253] 
[1,23,25,48,49,57,59,62,83,85,93,96,98,119,121,129,132,134,141,146,153,156,158,168,171,179,183,192,193,194,216,217,225,228,230,251,253] 
[1,2,6,15,18,23,24,25,26,30,40,42,44,45,47,48,49,51,60,61,62,75,78,83,85,87,96,97,98,100,102,110,114,119,120,121,125,129,131,135,143,147,155,159,167,169,170,172,187,193,194,196,198,207,210,215,216,217,219,224,229,230,231,248,249,251,253] 
[1,23,25,27,29,34,47,49,60,61,63,77,83,85,96,97,99,113,119,122,125,131,136,140,143,149,155,156,160,167,175,178,184,192,193,195,198,206,209,217,228,229,231,245,250,251,253] 
[1,15,17,23,27,41,49,50,58,63,77,88,94,99,113,119,122,124,129,132,134,136,141,148,151,153,156,157,158,160,162,165,173,176,184,187,191,194,195,202,209,215,217,224,227,230,245,250,251,253] 
[1,17,23,24,28,29,47,48,49,56,59,61,62,83,84,85,92,96,97,98,119,120,122,131,137,143,145,146,155,161,167,172,173,190,193,194,205,209,215,216,217,224,227,251,252,253] 
[1,4,5,7,9,14,16,17,20,21,23,25,28,29,32,33,38,40,41,45,47,49,59,60,61,63,64,65,69,74,76,77,81,83,85,95,96,100,101,106,110,112,113,117,119,121,123,126,129,131,135,138,142,143,144,145,146,149,155,156,159,161,166,167,168,169,170,174,179,183,189,192,193,194,195,196,197,201,203,206,208,209,211,213,215,216,217,228,232,233,237,242,244,245,248,249,250,251,252,253] 
[1,14,17,23,25,37,41,47,49,58,60,63,73,80,83,85,94,96,99,109,113,119,121,122,130,132,134,141,148,154,156,158,165,175,191,193,195,200,205,212,215,217,228,231,242,245,251,253] 
[1,23,25,47,49,57,59,64,83,85,94,119,121,123,130,134,141,144,146,154,156,158,166,168,170,179,189,196,215,217,227,232,251,253] 
