[1,7,13,28,30,45,66,70,74,80,105,112,117,136,142,145,149,157,172,179,189,200,208,221,235,264,270,277,293,298,309,320,337,347,349,370,374,377,386,389,402,403,408,412,424,425,426] 
[1,8,19,29,35,43,55,66,72,74,86,105,113,115,119,138,143,147,158,172,183,187,200,203,213,228,264,271,285,298,304,308,320,338,341,347,349,353,371,376,379,390,398,402,403,408,412,417,422,423,426] 
[1,21,33,47,57,66,72,75,86,113,116,138,144,146,158,173,183,248,264,283,292,298,305,308,321,347,353,357,363,372,386,390,401,403,408,412,422,425,426] 
[1,5,7,18,20,22,30,37,41,43,51,55,66,75,85,111,116,126,128,138,151,154,173,177,204,213,246,264,272,278,288,289,295,305,309,314,342,350,357,360,361,370,376,380,386,389,398,402,403,407,412,420,424,425,426] 
[1,2,10,21,30,33,47,57,66,72,75,86,111,119,125,129,138,143,147,158,173,182,205,211,226,236,240,247,264,283,299,305,308,321,347,352,359,362,372,386,390,401,403,408,412,422,424,426] 
[1,13,29,49,65,74,96,106,112,115,138,144,147,156,172,204,210,229,234,264,269,272,306,308,371,393,398,402,403,407,417,421,424,425,426] 
[1,2,8,21,30,35,37,43,57,62,66,71,74,79,86,112,117,125,128,138,143,147,152,158,173,185,188,200,233,238,246,264,265,271,278,281,283,295,305,309,320,345,351,372,377,388,389,401,402,404,411,417,422,424,426] 
[9,29,44,65,79,87,107,116,137,150,184,188,218,229,242,249,264,269,277,283,298,312,321,341,351,361,367,389,399,400,420,423,426] 
[1,13,17,29,43,48,53,66,74,78,85,112,138,143,147,157,164,177,183,189,202,210,244,270,276,277,281,283,299,305,308,318,371,390,398,400,403,408,409,412,422,423,424,426] 
[1,4,24,28,35,40,59,64,68,75,119,125,132,136,148,162,177,187,190,228,236,240,246,264,270,273,289,295,329,340,353,365,370,376,378,383,386,390,398,401,404,408,418,421,424,425,426] 
[1,20,29,43,56,64,74,113,118,136,151,157,205,213,226,238,248,264,270,271,279,299,310,377,386,389,400,403,416,425,426] 
[1,19,26,35,37,55,61,71,74,78,79,83,84,117,123,134,143,146,151,161,162,181,187,195,249,264,289,295,305,308,316,321,346,350,372,377,387,389,398,401,403,409,412,417,421,423,426] 
[1,5,8,23,28,43,59,64,72,74,96,106,131,136,144,146,151,157,195,238,264,270,278,299,302,306,309,330,340,350,370,378,383,386,390,398,401,404,408,412,417,422,424,426] 
[1,5,7,29,35,37,43,65,71,74,77,79,83,86,104,116,137,143,147,158,161,173,176,192,244,264,283,287,289,298,306,308,317,320,338,350,370,377,386,390,394,398,402,408,412,421,425,426] 
[1,5,8,22,30,31,36,37,41,43,58,66,80,89,96,105,112,113,116,125,127,138,151,155,158,178,184,189,204,207,216,219,226,231,237,243,264,265,270,279,287,289,299,302,304,309,313,330,339,346,347,350,360,361,367,372,373,375,378,381,387,390,395,398,402,403,406,420,423,425,426] 
[1,11,23,29,33,36,47,57,65,72,75,80,86,111,113,116,125,128,137,143,148,157,158,173,182,205,211,226,236,240,248,264,265,283,292,299,305,309,317,321,347,352,359,362,371,386,391,402,403,407,415,422,424,425,426] 
[1,7,20,29,45,65,68,87,104,117,137,142,145,152,158,173,209,233,264,277,281,290,298,321,338,351,377,387,389,405,406,416,421,423,425,426] 
[1,7,29,44,59,64,72,74,87,96,106,114,115,119,125,128,137,152,158,173,176,184,191,233,249,264,270,277,291,299,308,321,330,341,348,349,354,362,370,378,384,386,390,398,399,403,408,412,417,420,421,424,425,426] 
[1,3,22,27,37,43,62,64,74,79,106,113,115,118,124,127,134,143,147,151,157,173,183,202,204,210,217,264,265,269,289,297,309,341,347,350,364,368,373,378,386,389,391,398,408,409,410,422,423,425,426] 
[1,30,43,65,79,98,111,125,128,133,145,169,179,200,206,232,264,265,297,312,357,362,367,378,384,386,391,398,409,412,419,426] 
[1,8,23,25,35,43,49,59,61,66,67,71,73,79,93,105,117,131,138,143,147,158,173,182,204,220,233,249,264,265,266,270,272,275,278,290,296,304,309,321,338,353,359,365,371,378,387,389,400,401,403,413,417,421,423,425,426] 
[1,3,8,12,13,17,19,23,29,34,37,44,58,66,74,81,93,103,111,113,119,123,130,136,151,153,158,163,164,173,185,187,188,202,209,213,248,264,272,275,277,282,283,295,309,345,347,351,359,364,371,376,384,386,396,407,409,410,412,417,420,421,423,424,425,426] 
[1,22,29,43,65,75,96,137,143,147,158,204,210,232,249,264,265,269,277,292,299,308,331,371,377,386,389,398,401,417,424,425,426] 
[1,8,20,28,35,36,37,43,57,64,74,136,146,158,173,176,183,199,207,237,251,264,275,277,300,301,306,308,329,337,347,350,370,372,373,378,387,389,392,394,398,399,401,402,403,404,406,421,424,425,426] 
[14,30,35,36,37,43,65,71,74,83,87,108,113,115,125,127,137,143,145,158,173,182,199,206,264,266,298,309,317,320,347,349,371,373,377,386,389,398,401,403,407,412,416,421,425,426] 
[1,5,7,20,28,34,43,49,65,74,92,106,119,136,142,147,158,231,263,264,266,271,277,302,308,321,340,353,371,400,404,407,420,421,424,426] 
[1,6,7,11,13,29,31,33,35,36,37,41,43,62,72,74,77,80,85,104,114,115,137,139,144,147,153,159,189,195,264,265,268,270,284,295,305,308,319,341,350,368,378,384,386,389,392,398,401,402,403,409,412,425,426] 
[1,6,7,13,14,29,31,34,43,65,74,86,101,112,118,123,137,139,141,144,146,150,158,200,211,218,230,265,275,277,282,289,298,301,306,313,317,321,335,346,352,371,373,378,387,389,392,398,399,402,403,407,419,424,426] 
[1,43,65,75,136,148,190,264,298,309,370,386,389,403,417,425,426] 
[1,10,24,29,46,50,60,65,72,74,92,104,107,109,114,119,124,132,137,153,172,180,203,211,214,220,226,235,238,244,264,270,283,292,299,306,308,326,339,346,347,352,359,365,379,386,389,398,401,405,407,425,426] 
[1,8,20,28,44,49,58,62,66,69,74,79,83,87,102,105,113,115,119,123,130,134,138,146,157,172,179,184,188,195,200,221,230,234,238,251,264,266,269,272,277,281,283,289,298,305,308,323,336,339,353,364,368,371,384,388,389,397,398,400,418,421,424,426] 
[1,8,17,19,29,35,43,53,55,66,74,78,87,94,109,125,127,137,143,147,151,153,172,188,201,219,225,242,248,264,267,272,278,292,300,309,331,344,347,350,378,386,389,399,413,417,426] 
[1,3,8,20,25,34,45,56,61,66,75,86,102,105,109,111,117,137,142,146,151,157,205,242,248,264,271,281,283,295,320,336,352,372,373,376,386,389,398,401,403,408,412,418,424,426] 
[1,9,34,43,71,74,81,105,119,125,128,137,143,148,157,205,245,264,292,299,305,309,330,339,378,387,389,398,401,403,404,408,412,417,422,426] 
[1,29,35,43,59,61,71,74,97,108,144,148,158,178,184,192,218,224,230,236,243,251,257,264,271,277,287,293,295,305,308,329,341,355,365,367,378,383,386,390,398,407,421,424,425,426] 
[1,47,49,70,86,103,107,109,117,143,144,147,162,178,187,196,202,209,213,221,224,227,237,240,248,264,270,272,276,277,278,281,283,306,308,318,321,337,341,344,345,350,352,365,367,381,386,389,394,398,400,404,409,412,418,421,424,425,426] 
[1,13,20,28,34,43,49,59,61,65,73,77,86,95,103,113,115,136,143,148,153,173,195,203,220,225,230,264,265,269,283,298,309,317,327,338,347,349,362,371,386,389,398,401,403,407,412,416,422,424,426] 
[1,10,11,50,57,66,69,71,74,79,88,93,102,105,108,109,113,117,129,137,141,143,146,149,152,158,168,173,179,183,192,198,205,212,218,224,230,237,264,266,270,277,284,291,300,306,308,314,324,328,336,339,342,343,347,353,360,363,371,375,380,386,390,398,401,403,410,412,426] 
[1,9,28,36,37,45,62,79,105,113,117,137,148,178,191,200,235,242,248,264,270,277,290,298,313,341,351,368,378,386,407,419,424,426] 
[1,6,7,30,31,35,37,42,43,66,67,71,74,77,86,106,113,117,137,146,155,158,172,178,186,219,228,232,264,289,298,309,326,338,344,351,371,377,384,386,390,398,401,403,408,412,424,426] 
[1,20,29,36,37,49,65,71,73,79,88,107,117,137,143,147,157,249,264,266,270,285,296,312,322,341,377,387,389,401,403,426] 
