[1,8,20,25,27,32,41,46,50,51,56,66,72,80,86,93,97,120,124,128,142,151,158,170,176,191,214,223,229,241,251,288,289,294,300,303,313,315,321,326,333,337] 
[1,2,16,45,51,64,75,81,85,93,96,97,159,169,188,192,229,237,240,241,278,288,297,308,314,315,325,327,329,333,337] 
[1,19,25,27,31,37,44,51,57,66,69,72,81,92,97,119,138,147,166,169,191,199,217,219,223,233,240,241,288,289,290,297,306,321,331,336,337] 
[1,3,8,22,32,37,46,51,56,70,79,91,94,96,97,120,129,138,144,147,151,165,169,191,200,210,214,224,237,240,241,263,271,287,289,296,310,320,334,337] 
[1,9,19,31,39,57,70,79,88,98,120,129,142,153,160,170,192,201,214,223,230,234,241,265,288,297,310,319,328,336,337] 
[1,9,13,33,46,48,49,61,78,94,96,97,120,126,135,150,166,168,169,192,199,205,213,222,237,240,241,288,290,301,333,336,337] 
[1,7,19,26,46,50,56,66,79,94,97,120,128,138,166,169,192,196,199,211,223,235,241,263,266,289,296,306,319,334,337] 
[1,19,27,37,41,49,57,61,67,75,85,89,97,120,122,139,147,162,169,192,194,211,235,241,275,297,307,315,325,332,336,337] 
[1,11,16,21,25,27,33,36,43,48,49,69,73,75,81,91,96,97,120,136,141,153,155,166,168,169,192,208,213,225,235,240,241,288,303,309,314,321,323,327,331,333,336,337] 
[1,3,21,26,27,32,36,45,51,55,69,73,75,84,93,98,121,128,141,145,147,152,155,170,192,200,213,217,219,224,227,240,241,285,288,291,295,309,313,315,320,323,333,336,337] 
[1,3,24,27,33,46,51,55,69,72,75,94,96,97,122,127,144,147,153,163,169,194,201,212,225,235,240,241,263,269,288,291,312,315,321,331,336,337] 
[1,2,8,10,31,34,43,50,55,61,74,87,90,96,97,119,127,130,151,156,163,169,191,205,210,218,229,234,241,288,289,290,319,325,331,336,337] 
[1,9,19,32,43,48,51,57,63,73,75,81,89,95,96,97,121,132,135,141,145,147,166,169,192,204,207,213,223,238,240,241,264,266,288,289,290,300,303,321,333,336,337] 
[1,2,3,8,18,27,46,51,52,56,66,80,84,94,96,97,120,122,125,128,138,143,147,163,167,169,192,196,200,210,215,219,220,224,235,240,241,288,289,290,296,306,314,331,336,337] 
[1,24,33,43,49,57,67,81,91,96,97,120,122,144,153,163,169,185,192,194,206,211,215,224,235,240,241,253,264,266,277,288,290,293,296,311,321,330,333,334,335,336,337] 
[1,21,27,36,46,51,56,69,75,86,97,120,141,151,160,169,196,213,224,228,237,241,263,288,290,296,308,315,330,336,337] 
[1,2,8,21,25,26,33,36,48,50,55,69,73,74,79,85,94,96,97,120,122,127,141,145,146,153,156,166,168,169,170,192,200,213,223,228,238,240,241,289,290,295,309,313,314,324,325,334,335,336,337] 
[1,5,9,21,24,33,44,49,52,57,68,72,81,88,92,97,120,123,126,127,129,135,138,144,146,147,153,163,165,166,167,169,192,195,198,199,201,206,210,216,217,219,225,235,237,238,239,241,288,289,290,292,294,295,297,312,321,331,333,334,335,337] 
[1,24,26,28,31,37,48,49,55,70,79,84,91,96,97,120,144,152,156,163,169,192,214,223,228,234,240,241,289,296,311,319,324,331,336,337] 
[1,3,22,26,37,50,70,74,85,98,142,153,156,170,214,218,229,240,241,288,297,310,314,331,336,337] 
[1,9,18,25,27,46,57,66,73,75,81,94,97,120,129,138,145,147,153,165,169,192,201,210,217,219,225,238,241,287,288,290,295,306,309,319,334,335,336,337] 
[1,8,19,25,27,30,36,47,51,56,66,73,75,80,86,94,97,138,145,147,151,166,170,211,217,219,223,239,240,241,276,278,288,289,290,296,307,313,315,319,326,334,336,337] 
[1,2,42,48,51,72,78,84,96,97,119,126,144,146,150,191,199,217,223,229,245,289,293,325,336,337] 
[1,39,45,49,53,69,79,84,94,97,120,127,142,149,165,169,193,199,228,237,243,289,293,324,334,336,337] 
[1,7,36,55,84,97,123,127,156,169,195,228,241,288,324,336,337] 
[1,3,43,48,49,69,75,91,97,120,141,147,163,169,192,213,217,219,235,242,263,267,288,291,309,315,331,336,337] 
[1,9,22,33,37,44,50,57,70,81,85,92,97,121,142,150,164,169,192,213,225,228,236,241,288,289,290,306,319,332,337] 
[1,21,31,39,49,51,69,76,86,98,121,151,156,169,192,223,230,241,289,312,319,326,337] 
[1,7,18,33,38,45,49,55,66,74,89,94,97,120,127,138,152,165,169,192,201,209,225,229,237,241,289,295,306,320,325,333,337] 
[1,18,56,66,80,91,97,120,128,138,152,169,192,210,224,241,277,290,296,312,320,331,336,337] 
[1,22,25,27,33,43,57,59,63,71,73,75,82,91,94,97,120,131,135,143,155,163,169,178,192,201,207,214,217,219,225,235,238,240,241,253,254,263,266,281,288,291,292,297,311,323,330,334,336,337] 
[1,8,22,31,38,47,49,55,70,80,85,93,96,97,100,119,123,127,142,151,157,168,169,192,200,213,223,230,240,241,263,266,289,296,306,310,317,320,331,336,337] 
[1,7,20,29,44,53,64,77,93,97,121,127,136,141,149,165,169,192,210,221,234,241,289,294,307,318,330,334,337] 
[1,3,16,25,26,36,42,48,50,56,72,75,80,84,91,96,97,120,136,144,147,153,156,165,168,169,192,210,216,218,234,242,288,290,304,321,331,336,337] 
