[1,4,15,23,28,38,48,54,62,65,67,78,85,86,92,107,110,112,123,131,136,150,156,159,160] 
[3,7,8,13,14,22,28,37,38,65,67,73,78,80,85,86,93,107,111,122,130,153,156,159,160] 
[1,13,14,17,22,25,28,38,48,57,67,74,79,93,102,107,110,111,121,122,127,133,135,140,152,155,157,158,159,160] 
[1,12,14,17,23,27,30,38,41,47,53,59,66,80,83,94,101,107,109,110,116,121,122,129,132,140,155,159,160] 
[1,2,12,14,23,36,38,45,49,67,73,95,100,106,108,109,110,112,114,116,120,122,130,151,156,159,160] 
[1,15,23,38,48,56,67,72,73,80,86,96,103,107,110,122,137,144,156,159,160] 
[1,4,6,8,12,14,23,28,37,38,47,53,67,68,70,72,73,78,105,108,109,110,111,112,114,116,121,122,131,140,145,149,151,156,159,160] 
[3,12,14,22,28,38,65,67,73,78,80,85,86,93,107,111,122,130,153,156,159,160] 
[1,2,12,14,19,38,43,48,49,67,74,81,96,107,109,110,122,130,152,159,160] 
[3,14,26,32,47,53,67,77,93,107,112,122,130,156,157,158,159,160] 
[1,8,21,38,45,58,70,76,92,96,104,107,109,110,111,116,122,131,149,156,159,160] 
[1,3,12,15,21,32,47,51,59,66,73,78,85,93,107,111,124,129,140,147,153,156,159,160] 
[1,2,23,28,45,52,67,77,103,107,109,110,111,120,122,129,136,152,156,158,159,160] 
[1,2,15,17,21,32,38,46,47,50,54,67,72,73,76,98,103,107,110,111,122,129,135,152,156,159,160] 
[1,48,49,67,68,74,83,107,108,109,110,120,122,134,135,145,147,152,157,158,159,160] 
[1,2,14,18,39,42,67,69,73,84,93,107,110,122,127,150,157,159,160] 
[1,2,23,27,47,49,66,68,77,107,109,111,131,134,153,157,158,159,160] 
[1,6,14,22,25,30,36,38,46,48,49,67,74,98,104,107,110,116,121,122,126,135,138,144,146,152,153,156,157,158,159,160] 
[1,4,13,14,22,24,28,37,38,46,48,49,52,65,67,69,71,72,73,77,84,101,107,109,110,111,115,116,121,122,130,136,145,146,157,159,160] 
[1,2,12,14,23,36,38,45,51,67,73,95,101,108,109,110,112,114,116,120,122,131,136,151,156,159,160] 
[1,2,14,23,36,38,47,51,67,73,78,98,107,111,122,131,152,154,156,159,160] 
[1,7,8,13,14,18,27,30,37,38,42,52,53,66,73,104,107,109,110,114,116,131,135,152,156,159,160] 
[1,4,14,23,27,38,47,52,54,66,71,76,78,84,94,108,109,111,116,122,131,140,146,154,156,160] 
[1,15,19,20,23,32,37,38,40,42,47,49,56,67,72,73,76,102,106,108,110,123,126,132,133,135,146,152,157,159,160] 
[1,2,13,14,21,28,30,32,36,38,45,48,49,53,66,70,72,73,76,101,104,107,108,109,110,112,114,116,120,122,129,135,145,146,152,156,159,160] 
[1,2,3,14,21,29,33,46,53,65,70,73,78,98,103,107,110,122,129,141,153,156,159,160] 
[1,3,12,14,23,27,29,36,38,47,50,58,67,71,72,79,97,106,107,109,110,121,122,131,156,159,160] 
[1,4,6,8,12,14,23,28,47,49,52,67,71,74,85,86,95,107,109,110,111,131,133,136,152,156,159,160] 
[1,12,14,21,38,48,49,67,70,77,103,107,109,110,123,132,135,138,140,152,156,159,160] 
[1,2,3,12,14,23,27,36,38,42,48,49,56,66,77,92,103,107,109,110,111,114,116,120,122,129,152,153,156,158,159,160] 
[1,2,3,12,14,23,27,45,48,49,51,67,68,71,74,95,104,107,109,111,120,122,131,134,146,153,156,159,160] 
[1,3,6,8,12,13,14,18,37,38,46,48,49,64,71,73,84,107,109,110,121,122,132,146,150,157,158,159,160] 
[1,12,14,21,36,38,47,48,49,59,60,67,68,84,88,91,104,105,107,109,110,120,122,132,144,156,159,160] 
[1,12,14,18,20,21,23,27,36,38,45,47,49,50,67,72,73,78,97,106,108,109,110,120,122,129,131,135,153,156,157,158,159,160] 
[1,3,14,18,38,42,47,53,66,75,85,91,104,107,108,109,110,111,122,134,140,157,159,160] 
[1,2,12,14,18,38,42,60,66,76,101,107,109,110,122,126,150,156,159,160] 
[1,3,15,17,21,38,45,54,66,72,73,76,98,103,107,109,110,111,122,129,135,152,156,159,160] 
[1,3,14,23,28,38,65,73,98,104,108,109,110,112,122,133,144,152,153,156,159,160] 
[1,14,18,24,32,36,38,42,47,53,66,71,73,82,84,88,95,105,107,108,109,110,112,119,122,131,140,152,156,159,160] 
[1,2,3,6,8,12,14,21,23,26,30,32,36,38,45,48,49,52,58,66,71,72,73,78,85,92,101,107,109,110,111,114,116,121,122,129,131,138,140,144,146,149,156,159,160] 
[1,11,14,23,38,45,57,66,74,84,97,107,109,110,122,131,152,157,158,159,160] 
[1,2,12,14,17,23,25,27,36,38,41,47,48,49,66,72,73,80,94,106,108,109,110,120,122,125,131,133,155,157,159,160] 
[1,12,14,23,26,38,48,51,52,67,71,73,74,76,82,93,104,106,108,109,110,122,134,150,156,159,160] 
[1,3,12,14,21,24,27,36,38,45,48,49,51,52,54,55,60,65,67,73,78,79,86,95,107,108,109,112,120,122,129,132,135,138,140,146,153,156,159,160] 
[1,3,47,50,65,67,74,98,106,107,109,110,123,140,156,159,160] 
