[1,35,61,62,79,107,133,155,175,183,204,247,253,301,308,311,312] 
[1,12,34,72,106,128,143,151,162,176,203,224,227,241,251,301,304,306,308,309,311,312] 
[1,12,35,41,47,49,50,59,61,63,72,105,119,121,127,140,143,154,162,191,203,215,217,231,263,301,304,305,308,310,312] 
[1,18,25,35,45,49,50,61,71,90,97,107,118,127,132,134,142,150,155,161,173,185,203,217,240,256,264,268,273,281,285,302,311,312] 
[1,34,62,94,97,106,111,125,134,141,161,170,181,191,193,202,213,219,264,273,277,297,302,309,311,312] 
[1,12,35,41,47,49,50,59,61,62,71,81,84,105,119,121,127,140,143,154,162,164,191,203,214,215,217,231,263,267,298,303,308,309,311,312] 
[1,38,49,113,132,144,158,162,173,197,209,217,240,257,263,266,292,298,304,306,311,312] 
[1,12,34,45,47,49,104,120,121,123,132,134,141,144,147,162,168,202,214,221,229,239,244,260,302,311,312] 
[1,12,34,45,49,69,90,106,115,119,121,126,135,140,153,158,162,163,173,181,202,212,216,217,231,251,261,272,293,310,311,312] 
[1,33,65,106,108,114,120,126,134,142,149,152,161,166,172,209,216,221,230,239,245,261,297,309,311,312] 
[1,35,39,55,61,68,71,107,113,119,125,140,158,162,168,182,192,193,203,211,230,241,247,251,254,259,265,272,276,285,298,301,306,308,310,312] 
[1,35,49,107,120,129,156,202,229,263,272,289,301,306,308,309,311,312] 
[1,42,49,52,61,113,126,157,161,197,202,211,217,236,259,273,293,311,312] 
[1,5,23,25,35,47,49,51,61,63,67,73,93,97,107,119,122,128,141,162,165,175,193,202,215,217,244,252,257,261,263,272,278,288,293,301,305,307,309,311,312] 
[1,34,43,49,109,125,142,154,161,210,217,230,264,284,301,304,312] 
[1,11,13,44,48,49,59,62,65,72,83,85,111,116,120,121,133,137,154,158,161,164,179,182,214,218,230,238,242,262,263,273,277,281,285,295,301,306,311,312] 
[1,24,25,47,75,77,119,121,134,141,146,154,157,159,161,164,166,171,216,217,244,251,253,260,264,265,293,301,309,310,311,312] 
[1,18,35,37,43,75,92,98,102,119,121,143,157,162,163,175,186,216,224,244,248,261,272,281,301,311,312] 
[1,38,44,49,113,135,143,172,210,226,239,243,258,272,277,285,289,302,306,311,312] 
[1,34,44,47,49,71,106,119,121,127,143,151,161,162,164,166,173,182,203,214,217,227,230,264,273,281,284,293,302,309,311,312] 
[1,12,35,41,46,48,49,50,59,61,62,72,77,84,105,119,121,127,140,143,153,162,164,191,202,214,218,231,263,268,289,298,303,308,309,311,312] 
[1,6,34,48,49,106,119,122,127,138,143,157,162,172,205,215,217,220,229,251,263,302,311,312] 
[1,5,34,61,90,97,106,128,144,151,157,160,161,168,186,193,203,215,219,224,230,237,261,263,272,287,302,309,311,312] 
[1,21,26,34,36,41,48,49,92,98,106,108,113,120,121,124,129,143,150,154,161,167,168,173,189,194,202,205,209,216,217,227,229,259,264,273,277,285,289,295,308,309,311,312] 
[1,20,25,34,38,44,47,49,73,106,119,123,131,133,141,149,161,172,190,193,202,215,218,223,234,245,260,268,272,299,309,310,311,312] 
[1,34,47,49,50,61,63,72,96,97,106,118,127,130,134,142,146,155,157,162,173,183,191,193,203,216,223,239,242,261,263,282,285,299,307,309,311,312] 
[1,35,66,106,118,133,149,168,202,219,238,260,263,267,292,310,312] 
[1,35,49,52,61,107,126,154,157,161,194,203,222,235,262,302,311,312] 
[1,34,47,49,71,106,117,126,142,148,155,157,162,164,166,171,193,203,204,216,217,223,260,263,266,301,311,312] 
[1,22,25,35,47,49,50,61,73,84,107,124,131,133,141,145,162,163,171,175,203,215,217,239,240,262,301,306,307,308,309,310,311,312] 
[35,36,47,49,73,107,108,120,121,128,131,134,143,147,162,163,215,217,241,252,263,266,273,302,308,309,311,312] 
[1,34,46,49,106,118,120,122,135,141,145,153,157,161,166,173,191,227,234,257,264,272,278,285,295,308,309,311,312] 
[1,13,34,47,49,73,112,119,121,135,143,154,162,163,166,175,213,219,230,260,263,272,281,284,303,309,311,312] 
[1,12,66,106,108,118,128,131,134,144,158,161,162,163,168,203,204,216,220,230,263,273,282,284,302,308,309,311,312] 
[1,12,37,45,49,51,61,62,66,84,104,107,119,126,131,134,143,148,153,165,176,194,204,236,260,292,309,311,312] 
[1,42,47,49,73,114,119,123,157,209,215,217,231,264,273,302,311,312] 
[1,35,61,63,72,107,109,113,124,131,134,139,142,148,160,162,188,203,215,217,227,238,251,256,263,266,292,307,311,312] 
[1,35,36,42,63,65,74,106,108,116,119,122,131,140,143,148,160,171,202,204,210,215,218,237,239,241,244,260,263,267,276,285,298,304,308,309,310,311,312] 
[1,12,34,37,41,48,49,51,53,60,61,63,65,72,106,119,122,134,143,150,154,161,194,210,216,217,240,262,268,301,306,311,312] 
[1,41,48,71,113,135,136,143,150,154,161,182,210,217,236,251,264,273,277,284,295,302,311,312] 
[1,12,35,47,49,81,84,90,119,126,141,158,177,180,201,204,224,259,273,282,285,304,309,311,312] 
[1,22,25,34,43,49,51,52,61,106,114,128,142,151,160,161,167,168,173,190,193,202,213,217,227,230,241,251,259,263,272,277,281,285,292,301,309,310,311,312] 
[1,35,36,42,47,49,51,58,61,64,71,94,98,106,119,126,130,135,147,151,156,161,170,183,203,204,209,214,223,227,230,247,251,263,267,269,272,281,299,303,306,308,309,311,312] 
[1,18,35,49,63,71,94,97,109,117,121,133,143,155,203,213,217,223,245,259,263,265,284,292,307,310,311,312] 
[1,12,39,47,49,50,59,61,62,73,106,117,121,126,130,134,143,155,161,166,168,179,208,213,217,230,260,263,266,269,273,281,294,302,310,311,312] 
