[1,5,10,18,20,26,32,34,38,41,46,48,58,60,61,68,70,78,90,94,101,108,114,116,123,125,130,138,140,148,151,161,166,168,174,176,183,184,188,190,192,193,195,212,215,216,217,218,221,226,228,234,236,242,248,252,254,275,276,278,281,286,294,296,302,308,312] 
[1,11,20,23,36,41,46,56,59,70,72,74,89,94,100,106,108,116,122,130,132,150,153,161,165,167,176,182,188,190,192,193,195,211,213,216,221,226,236,239,250,253,255,271,273,276,277,281,286,296,308,311,312] 
[1,2,8,10,20,25,37,38,46,56,61,66,68,70,72,83,87,93,106,125,128,130,135,150,157,158,166,176,184,188,190,195,199,203,207,210,219,221,226,236,241,248,250,252,255,259,261,263,267,278,286,294,296,304,308,310,311,312] 
[1,10,17,20,21,25,32,34,36,39,46,55,58,60,67,70,72,75,83,92,96,101,106,115,118,121,127,130,132,143,144,150,155,156,157,166,172,175,180,187,190,192,193,201,203,206,211,216,217,226,229,230,235,238,241,244,247,250,253,255,263,267,271,276,278,298,304,307,311,312] 
[1,5,10,18,20,24,30,32,41,46,48,52,53,56,59,64,65,68,71,72,75,85,94,96,101,106,112,114,116,118,129,130,131,135,146,152,154,155,156,157,159,161,166,172,174,176,180,181,183,186,188,191,193,194,197,203,206,213,216,217,220,226,228,232,233,236,241,244,245,248,250,252,254,261,264,265,266,273,276,277,278,281,286,296,306,308,311,312] 
[1,10,16,17,20,23,29,32,34,36,41,46,53,55,60,65,68,70,71,72,78,83,97,101,106,116,121,128,130,132,138,143,155,157,161,165,168,170,176,185,188,190,192,193,195,197,198,201,203,207,210,215,216,217,226,236,245,248,250,252,255,258,261,263,267,270,273,275,276,277,281,286,296,300,302,303,305,307,308,311,312] 
[1,5,9,20,24,31,34,41,45,55,60,67,70,78,99,105,116,120,127,130,138,141,155,156,159,165,176,179,188,191,196,199,202,203,208,211,214,215,217,219,225,235,240,247,252,253,256,258,262,263,264,267,270,274,275,277,286,295,300,307,308,311,312] 
[1,10,13,17,20,25,29,32,34,36,39,44,46,49,53,56,63,68,70,74,83,88,95,96,99,105,116,123,128,131,135,140,142,143,148,155,156,159,164,165,169,170,173,176,183,188,190,192,207,210,216,217,219,225,233,236,243,248,251,253,255,258,261,264,267,270,276,279,285,291,296,303,308,312] 
[1,5,10,20,21,32,41,46,52,72,78,101,106,116,117,128,132,137,161,166,176,177,188,192,195,203,205,207,212,213,221,226,236,237,252,253,255,263,267,270,273,275,277,281,286,296,297,310,311,312] 
[1,10,16,24,25,26,31,40,46,48,52,56,60,61,62,68,70,71,78,83,84,90,95,96,101,105,119,120,121,122,128,130,138,143,144,145,152,156,166,180,181,182,188,190,201,203,207,211,213,215,216,217,220,227,240,241,242,243,248,250,255,264,267,269,270,273,275,277,278,280,285,289,292,300,301,302,304,307,311,312] 
[1,10,20,25,26,30,32,34,36,39,47,56,65,68,70,73,78,95,96,106,116,120,128,130,134,135,145,150,155,156,167,172,173,176,181,188,190,191,192,193,203,209,210,217,219,226,236,241,248,250,251,252,253,258,261,263,267,270,271,273,274,277,287,296,305,308,311,312] 
[1,7,9,10,20,23,29,32,35,37,42,45,46,56,59,65,70,71,75,87,90,96,103,105,106,111,117,119,125,132,135,147,150,151,155,156,157,162,165,166,177,179,188,191,197,200,204,206,212,213,215,216,217,220,224,225,226,237,239,243,251,252,257,263,266,269,270,273,276,277,279,283,285,286,296,299,305,308,311,312] 
[1,11,28,30,32,34,40,46,53,56,65,68,70,72,80,95,96,100,107,116,122,128,130,132,152,155,156,160,166,173,176,182,188,190,192,193,194,203,207,211,215,216,218,220,226,245,248,250,252,253,254,275,277,278,280,287,296,308,311,312] 
[1,2,4,9,13,17,20,21,24,32,33,40,45,52,53,56,58,60,68,70,72,73,75,77,81,83,87,90,95,96,97,98,100,103,105,109,116,117,120,128,132,141,143,148,150,155,156,157,160,161,166,169,174,176,177,180,188,192,194,203,206,210,214,215,216,217,218,220,225,229,233,237,240,248,249,252,254,263,266,270,274,275,276,277,278,280,283,285,292,293,296,297,300,304,308,312] 
[1,2,10,11,14,21,26,32,34,36,58,62,67,70,72,76,78,81,82,84,95,96,97,98,105,107,108,110,118,122,127,130,131,136,138,142,150,154,156,157,158,164,176,177,182,184,188,190,193,195,203,206,207,210,211,212,215,217,218,221,224,225,226,230,238,242,247,250,253,255,259,261,263,266,267,270,271,274,275,277,278,281,284,288,290,298,302,308,309,311,312] 
[1,10,11,14,17,23,26,36,46,50,57,65,71,74,93,106,112,132,153,156,166,173,179,182,192,195,200,202,205,207,214,216,226,230,239,242,252,257,263,270,271,273,276,280,286,290,308,312] 
[1,5,10,11,13,17,20,29,31,34,39,47,56,70,74,83,84,101,107,116,122,128,130,134,138,143,144,161,166,167,169,186,188,190,192,193,195,203,204,205,207,216,220,227,229,236,242,248,252,255,263,265,267,275,277,281,287,296,305,308,312] 
[1,10,19,28,31,46,55,61,67,71,76,78,82,84,88,90,96,97,106,115,120,127,130,134,138,140,150,154,157,166,175,191,192,193,194,196,199,202,203,207,211,214,215,216,218,220,226,236,241,247,252,255,259,262,263,264,267,271,274,276,277,278,286,307,312] 
[1,10,32,34,35,36,41,45,56,57,60,62,68,70,71,72,74,88,95,96,101,106,116,117,128,130,131,136,155,156,161,166,176,177,188,190,191,192,194,197,205,210,212,217,221,224,227,232,237,248,250,252,254,266,270,273,277,281,284,286,296,297,300,305,308,311,312] 
[1,3,10,20,26,32,34,38,45,56,58,70,79,83,87,94,96,98,105,116,118,133,154,156,158,166,176,184,188,190,192,195,203,214,215,218,225,238,244,248,250,252,256,263,276,277,278,286,296,304,308,312] 
[1,7,9,22,23,29,43,46,53,58,64,65,71,73,75,78,82,83,87,103,105,125,133,135,137,149,150,155,163,166,176,179,185,188,190,192,193,194,215,218,222,226,229,238,252,254,271,272,275,277,282,286,289,298,307,312] 
[1,5,9,21,26,34,38,39,41,45,46,47,57,62,70,71,74,75,81,89,105,106,107,116,122,124,125,129,130,132,134,135,147,153,165,166,167,172,173,176,182,183,185,189,191,192,193,197,203,205,206,209,214,215,216,217,218,221,225,226,227,232,236,242,251,252,253,259,260,263,265,271,274,275,276,277,278,281,288,292,309,311,312] 
[1,10,13,20,46,50,58,59,61,76,98,106,109,133,137,155,156,157,159,161,164,165,166,170,179,192,196,204,208,211,212,214,219,221,224,225,226,229,236,263,264,266,272,273,274,276,284,285,296,297,312] 
[1,9,11,14,20,42,46,56,71,75,91,102,106,110,132,135,136,138,143,146,153,162,165,166,173,191,192,193,196,203,209,218,227,230,252,255,264,269,271,276,282,286,287,292,295,311,312] 
[1,4,9,13,17,20,21,24,32,40,45,52,56,57,60,68,70,75,77,81,83,87,90,95,96,98,100,105,109,116,120,127,132,135,141,143,148,150,156,160,166,169,180,187,188,192,194,203,206,211,214,215,216,220,225,229,240,248,250,252,254,263,265,271,274,275,276,280,285,292,300,304,312] 
[1,10,20,24,36,46,56,61,68,70,76,95,96,106,115,121,128,130,135,155,156,166,175,180,187,191,195,204,205,216,219,226,235,240,248,250,251,254,264,265,276,277,279,286,295,301,307,311,312] 
[1,5,10,15,25,29,32,41,46,51,61,64,81,85,91,99,101,105,106,110,130,132,141,143,145,151,159,164,165,172,179,192,193,205,206,212,215,217,224,226,232,236,240,241,248,251,252,254,265,266,272,275,277,284,286,292,296,301,308,311,312] 
[1,2,9,10,20,25,32,34,36,38,45,46,56,58,70,72,74,75,83,94,96,98,105,106,116,118,130,134,135,143,154,156,158,165,166,176,178,190,193,199,203,209,215,216,218,226,231,236,241,243,248,250,251,253,259,261,275,276,278,281,285,286,289,296,301,308,312] 
[1,3,9,14,22,26,30,32,34,35,38,45,47,58,62,63,64,66,68,70,75,83,87,95,96,98,105,107,118,121,122,130,135,136,138,144,145,147,151,155,158,165,167,178,182,186,188,190,192,193,196,203,210,211,212,213,216,217,218,221,225,246,248,250,256,257,270,271,272,273,276,277,278,285,287,308,311,312] 
[1,3,9,17,21,29,34,39,45,49,53,57,65,67,70,72,75,92,105,110,116,118,125,132,135,152,165,170,176,180,188,190,192,194,199,204,209,214,225,229,236,240,248,250,252,254,271,285,289,295,312] 
[1,10,20,34,36,41,46,56,70,73,75,106,116,118,119,121,130,135,145,166,172,178,179,186,188,190,192,194,197,205,226,232,250,253,263,264,265,266,273,275,277,286,290,298,299,306,307,308,311,312] 
[1,6,7,10,18,20,25,34,38,41,46,56,65,70,71,75,84,88,90,95,96,101,106,114,116,126,128,130,131,135,142,143,148,153,166,174,176,185,191,199,204,207,212,215,217,221,226,234,236,246,251,257,264,269,271,275,277,279,281,290,296,306,308,311,312] 
[1,3,10,18,19,20,29,32,34,35,39,41,46,56,58,66,67,68,70,75,77,90,95,96,99,105,106,110,114,116,117,128,130,132,135,137,153,154,155,156,157,158,159,166,176,177,179,182,188,192,193,203,206,210,215,217,218,225,226,236,237,248,251,252,275,277,278,279,286,294,296,308,311,312] 
[1,9,20,21,31,32,35,36,38,41,45,56,57,68,70,72,73,91,94,95,96,101,105,116,119,128,130,132,133,143,144,151,152,155,156,161,165,176,180,188,190,192,195,198,200,203,205,206,215,218,221,225,236,239,246,248,250,252,255,263,266,275,277,278,281,285,296,297,308,312] 
[1,2,5,8,10,20,24,32,34,39,46,56,60,68,70,71,73,87,100,106,116,120,128,130,131,133,145,160,166,176,180,188,190,191,192,193,195,215,218,220,226,236,238,240,248,250,252,253,255,275,278,281,284,286,296,300,305,307,308,311,312] 
[1,10,17,25,28,30,32,34,36,41,45,46,52,58,61,64,66,68,70,71,73,78,84,94,95,96,101,105,112,126,128,130,131,133,134,135,138,140,154,155,156,161,164,166,172,181,184,186,188,190,191,192,193,194,197,204,205,206,210,211,215,216,217,221,226,232,246,248,250,251,252,253,255,257,260,263,264,265,275,276,277,281,283,285,292,306,308,311,312] 
[1,2,10,13,20,25,27,29,37,42,44,46,49,56,61,64,65,72,75,80,82,91,93,97,106,109,116,121,124,132,133,135,147,149,150,155,157,160,166,169,176,181,183,192,193,194,199,203,205,211,214,215,217,219,222,225,226,229,236,237,238,241,244,252,254,263,265,275,277,280,286,289,290,296,301,303,305,309,312] 
[1,2,10,17,20,28,32,34,38,41,44,45,65,68,70,71,72,74,92,94,95,97,98,106,124,128,131,134,136,143,145,155,157,158,161,163,166,174,176,184,188,190,191,193,194,204,205,213,215,216,217,218,219,226,233,237,244,250,252,254,273,275,276,278,281,284,293,297,305,308,311,312] 
[1,8,10,14,19,23,28,32,33,36,38,45,46,50,56,57,60,64,67,68,69,70,72,74,84,95,96,98,105,106,107,110,116,120,124,128,129,130,132,144,158,165,170,176,177,180,184,187,188,189,191,195,203,207,210,218,226,230,236,240,244,247,250,255,258,263,267,270,273,278,285,288,290,296,300,308,311,312] 
[1,10,11,20,25,32,34,37,41,46,56,61,68,70,71,74,78,80,84,86,89,101,106,115,116,121,128,130,131,138,140,144,154,161,166,176,181,187,188,190,192,195,204,206,213,216,221,226,236,241,248,250,252,253,254,257,263,266,270,276,281,285,296,301,308,311,312] 
[1,10,16,24,41,46,52,70,74,79,80,84,92,95,96,97,101,106,112,129,131,134,144,152,155,156,157,161,166,172,191,193,204,206,209,215,216,221,226,232,250,251,252,253,255,264,266,271,276,281,286,292,310,311,312] 
