[1,11,24,25,63,72,79,84,85,90,97,109,132,135,152,154,155,159,173,180,181,193,217,229,251,252] 
[1,12,57,61,70,72,74,77,90,97,108,109,116,129,133,138,143,160,172,180,181,191,217,220,227,248,251,252] 
[1,11,14,15,19,27,35,44,51,55,61,71,72,80,87,97,107,113,116,119,123,132,134,139,155,161,173,180,181,191,193,195,200,209,212,216,228,235,243,252] 
[1,11,23,38,52,70,77,106,123,131,139,143,150,154,159,191,202,226,233,251,252] 
[1,11,20,27,44,51,70,74,75,80,85,87,109,111,116,123,130,132,135,145,147,155,157,159,163,164,167,171,173,175,178,180,181,190,194,195,200,207,227,236,239,241,243,251,252] 
[1,20,23,25,33,40,44,50,51,52,55,59,60,72,74,76,80,86,96,107,110,111,115,124,127,129,131,132,133,139,150,155,162,180,181,192,193,206,212,216,228,242,249,252] 
[1,20,38,47,60,74,76,97,110,112,117,131,132,133,142,149,161,180,216,230,232,251,252] 
[1,11,14,16,32,40,57,60,72,74,76,93,96,106,107,108,110,112,129,131,133,134,135,137,143,145,149,150,157,159,173,175,180,194,196,213,216,226,230,231,232,249,251,252] 
[1,53,58,73,85,89,95,109,113,130,131,137,149,155,161,179,186,187,192,206,207,217,229,230,232,245,247,252] 
[1,12,17,19,27,35,44,51,71,80,87,107,113,116,123,132,134,138,155,161,167,169,180,181,192,197,200,209,230,233,235,243,252] 
[1,8,36,52,72,76,97,107,112,114,132,178,180,183,192,208,217,227,235,237,250,251,252] 
[1,10,12,13,17,21,30,31,35,41,44,52,55,59,60,71,78,80,90,91,95,96,107,108,112,119,122,132,139,143,147,155,157,161,163,167,171,180,181,192,197,200,208,211,215,216,227,231,233,242,251,252] 
[1,11,56,60,71,96,107,119,132,133,136,147,149,150,154,159,172,173,178,179,183,192,219,227,239,251,252] 
[1,2,6,8,22,23,25,28,33,34,35,36,37,42,47,49,57,59,61,63,65,67,73,75,79,88,93,95,96,98,115,119,121,129,131,132,133,136,142,147,151,154,156,157,158,180,181,202,205,209,211,216,217,229,230,238,241,244,252] 
[1,11,35,37,43,59,61,72,95,96,108,110,111,115,130,131,133,136,144,150,152,155,172,173,174,175,180,181,192,208,215,217,228,236,243,251,252] 
[1,12,17,22,28,35,40,45,49,57,59,60,72,77,81,86,89,97,107,113,118,124,131,133,134,139,140,142,144,147,155,157,158,160,161,163,166,168,180,181,192,196,202,215,216,228,229,233,237,242,250,251,252] 
[1,20,23,25,34,37,44,49,59,60,72,83,85,96,107,110,111,119,121,129,132,133,139,157,158,163,180,181,191,192,206,207,217,228,241,248,251,252] 
[1,12,16,21,24,25,28,32,35,40,48,52,56,59,60,71,74,76,81,88,93,95,96,99,107,109,112,116,124,128,132,137,149,151,155,161,173,174,176,179,180,181,203,208,212,216,227,230,231,236,239,241,248,251,252] 
[1,11,16,19,28,35,47,49,71,74,76,80,83,87,119,121,124,131,132,137,144,150,155,161,167,168,172,180,181,194,195,200,208,227,239,241,252] 
[1,11,17,21,23,25,30,33,35,40,47,49,54,56,60,69,71,77,83,85,86,90,92,96,106,107,112,117,119,121,125,129,131,133,134,139,140,141,142,144,146,155,158,166,168,170,180,181,191,196,203,205,209,227,232,237,239,241,242,246,248,251,252] 
[1,11,20,25,31,35,37,43,47,49,59,60,72,79,84,85,97,107,115,119,121,131,133,137,140,142,143,144,146,155,158,176,179,180,181,183,191,193,199,201,203,205,214,216,227,232,235,240,241,251,252] 
[1,5,11,17,22,73,76,81,99,109,112,131,134,137,138,142,162,167,173,174,191,196,218,219,221,229,233,251,252] 
[1,11,17,33,41,71,77,78,80,82,104,105,106,125,131,138,154,157,160,162,191,224,225,240,241,251,252] 
[1,11,15,21,27,31,39,45,51,71,74,98,106,112,116,123,131,132,135,137,139,142,146,155,158,163,166,170,180,181,191,192,195,201,207,211,218,226,227,230,236,243,251,252] 
[1,10,19,20,28,32,43,44,51,61,71,72,76,79,81,86,108,110,111,117,122,131,133,134,138,143,145,146,152,162,167,169,170,172,173,175,180,181,188,197,201,206,207,219,225,229,230,231,237,242,251,252] 
[1,12,15,20,29,31,36,40,44,49,53,55,59,71,74,75,77,80,82,88,107,110,113,115,123,131,134,135,138,145,146,151,154,157,160,161,162,174,177,192,195,200,202,209,211,215,227,230,231,233,236,238,245,251,252] 
[1,5,12,15,20,27,33,35,36,41,45,50,117,123,128,135,156,157,158,161,162,164,174,175,178,183,191,192,197,199,207,237,244,251,252] 
[1,12,15,23,25,35,36,47,49,59,60,71,74,75,79,85,90,95,96,107,110,111,115,119,121,131,133,138,146,150,161,173,192,196,203,204,205,215,216,227,230,231,239,241,251,252] 
[1,131,135,181,251,252] 
[1,9,11,16,35,40,49,63,68,69,71,77,99,107,112,125,129,131,133,134,139,140,145,146,149,151,155,157,158,163,165,169,170,174,175,177,180,181,191,193,197,219,224,225,226,227,233,251,252] 
[1,9,10,21,63,71,96,107,117,124,126,132,133,137,142,147,150,155,159,166,173,180,181,191,208,210,216,227,236,243,251,252] 
[1,16,19,25,28,31,40,41,43,53,56,60,70,74,75,79,83,88,90,96,107,109,110,111,112,115,119,121,124,132,133,137,138,144,154,157,158,165,168,173,180,181,194,195,199,205,211,214,227,229,232,233,237,246,247,248,252] 
[1,11,23,25,35,37,45,46,48,49,59,60,61,71,74,75,84,85,95,96,97,107,119,121,131,132,134,135,143,147,155,161,169,170,171,173,174,176,180,181,202,205,215,217,228,240,241,251,252] 
[1,12,13,61,72,97,108,110,177,179,199,208,210,217,228,230,231,244,246,251,252] 
[1,10,14,18,20,28,32,40,43,44,47,49,55,56,61,71,76,80,85,91,92,97,107,111,115,116,122,127,128,131,135,139,142,159,167,173,175,179,180,181,190,194,198,200,206,211,212,216,227,230,235,236,243,248,252] 
[1,12,17,19,29,36,38,40,48,53,73,77,79,82,84,89,109,112,116,118,120,125,131,134,143,146,167,170,178,179,192,194,196,204,209,229,232,240,245,250,251,252] 
[1,3,12,41,43,53,72,74,77,79,89,105,109,122,131,132,133,134,139,141,146,154,156,157,158,160,163,166,170,172,173,175,177,180,183,192,209,210,219,230,233,235,244,252] 
[1,5,11,13,16,19,23,25,29,31,36,37,40,43,47,49,61,68,71,83,85,88,91,97,107,112,115,119,121,124,127,131,134,137,143,144,151,152,155,157,158,161,167,168,169,171,180,181,191,193,196,199,204,205,208,217,225,227,232,235,240,241,245,251,252] 
