[1,21,35,38,43,46,50,60,74,85,91,94,97,108,111,123,132,144,147,156,169,189,201,216,229,263,267,272,275,277,282,283,295,301,303,308,318,323,332,333] 
[12,18,36,43,45,49,60,72,73,84,91,93,97,107,119,121,122,124,132,136,156,160,166,169,176,215,218,241,256,266,271,281,283,294,301,303,308,318,329,331,332,333] 
[2,11,35,37,43,46,49,55,59,73,84,85,91,94,97,104,108,121,124,127,145,152,160,163,168,176,190,193,199,215,235,256,270,280,282,283,294,296,301,304,307,314,323,331,332,333] 
[1,36,43,45,49,59,72,73,84,91,93,98,104,108,116,121,127,138,145,150,157,168,181,190,193,214,217,238,266,279,280,282,283,294,301,303,307,318,328,330,331,332,333] 
[1,16,32,39,43,45,50,56,73,80,86,91,108,120,121,131,135,166,168,176,188,193,200,213,221,267,271,272,283,296,301,317,326,330,331,332,333] 
[1,11,28,37,43,45,49,59,73,86,91,93,98,107,125,132,146,155,177,181,191,193,215,216,217,229,250,267,268,269,279,280,282,283,294,301,303,307,317,329,331,332,333] 
[1,14,36,43,58,67,73,84,91,93,116,121,131,145,172,175,193,216,230,267,276,280,282,283,294,301,317,324,331,333] 
[1,25,35,41,43,45,49,60,71,73,84,87,91,93,97,108,120,121,132,136,155,160,169,175,182,190,193,206,214,216,218,240,260,267,271,275,277,283,293,299,301,303,307,318,329,331,332,333] 
[3,9,12,23,36,43,60,73,84,91,107,120,121,130,145,154,164,194,212,223,241,266,275,283,294,301,317,330,331,332,333] 
[2,23,35,43,45,50,56,68,71,73,84,91,92,98,104,119,121,132,137,139,163,169,175,189,191,193,215,218,234,239,241,245,252,253,260,267,270,271,279,280,283,293,301,303,308,314,326,330,331,332,333] 
[1,12,16,22,36,43,45,49,60,61,72,73,84,91,93,97,108,119,121,124,132,136,156,160,166,169,176,215,218,237,256,266,269,271,281,283,294,301,303,308,318,329,331,332,333] 
[1,36,43,46,49,60,73,84,91,94,97,108,121,131,146,190,193,216,241,257,269,283,294,301,303,307,318,326,331,332,333] 
[1,36,41,50,59,73,80,98,107,119,121,131,141,169,177,200,214,241,249,266,283,287,308,317,332,333] 
[1,12,21,30,36,43,46,50,56,73,78,84,91,93,98,105,120,121,127,149,150,179,200,215,230,263,266,270,271,277,282,283,294,301,303,308,314,329,330,331,332,333] 
[1,7,12,25,36,50,60,71,73,80,87,91,94,97,108,124,127,143,148,169,175,185,200,240,263,267,269,271,277,283,293,298,301,303,307,318,330,331,332,333] 
[1,18,36,43,44,50,59,73,84,91,107,120,121,132,146,156,168,175,181,205,211,214,218,232,238,240,251,254,257,266,271,276,282,283,294,301,303,308,317,332,333] 
[2,27,29,48,50,54,68,73,113,124,127,133,142,146,153,160,169,175,187,199,215,218,226,229,240,241,250,251,253,258,267,271,278,280,283,314,329,330,331,332,333] 
[1,36,41,56,73,104,132,136,145,152,175,186,193,199,210,229,245,267,275,282,283,315,332,333] 
[1,36,43,45,48,49,57,72,73,84,91,93,96,97,105,120,121,132,136,143,146,156,160,162,169,175,200,214,225,230,241,248,264,271,275,282,283,294,300,301,302,306,307,316,329,331,332,333] 
[1,20,36,43,45,50,59,72,73,86,91,94,97,107,113,119,121,124,131,146,155,168,176,200,215,216,217,239,240,257,268,271,276,283,294,301,303,308,317,330,331,332,333] 
[1,36,43,46,48,49,59,71,73,85,91,93,96,97,107,114,120,121,127,146,151,155,160,170,190,193,214,218,241,266,283,294,301,303,306,307,317,324,330,332,333] 
[1,23,36,43,46,50,58,71,73,83,91,93,99,107,119,124,131,136,155,160,169,173,190,193,215,224,236,251,283,293,301,303,308,317,329,331,332,333] 
[1,6,7,20,35,43,45,49,58,69,73,83,88,91,108,111,114,124,131,136,157,160,175,199,215,216,217,220,228,229,241,250,251,253,259,263,267,282,283,293,301,303,307,318,321,324,328,331,332,333] 
[1,4,30,43,58,73,78,84,91,93,97,106,120,121,132,136,146,154,160,169,171,175,193,214,217,224,229,249,259,270,271,277,283,288,294,301,317,332,333] 
[2,20,36,43,45,49,59,71,73,84,91,93,97,113,123,132,146,162,168,175,191,193,212,239,248,257,270,271,276,283,294,301,303,307,318,323,332,333] 
[1,36,50,58,71,73,94,97,108,119,124,131,136,142,148,169,175,181,200,216,229,266,268,271,275,277,283,294,309,316,330,331,332,333] 
[1,36,43,45,49,60,73,84,91,93,97,108,121,132,145,168,179,190,193,216,234,267,276,282,283,294,301,303,307,317,331,332,333] 
[1,18,29,46,49,56,71,73,80,84,91,93,97,107,110,119,121,122,124,131,146,156,175,215,217,222,230,248,264,270,271,277,283,293,301,303,307,315,317,319,329,333] 
[1,3,4,35,43,44,48,49,57,60,61,72,73,84,91,93,97,106,108,109,119,121,132,136,156,160,169,175,190,192,193,199,215,216,218,226,230,233,240,241,250,253,258,266,270,271,277,281,283,293,301,303,305,307,316,329,331,332,333] 
[1,20,29,36,43,45,47,49,59,61,71,73,84,91,93,96,97,107,109,119,121,127,181,188,193,199,212,226,230,266,283,294,301,303,306,307,317,319,329,332,333] 
[1,3,6,10,12,15,16,18,22,26,60,61,72,73,83,92,97,113,124,133,136,146,154,165,173,175,182,191,193,197,199,213,216,218,228,229,242,245,248,253,261,262,266,270,271,276,279,280,282,283,315,330,331,332,333] 
[36,43,44,50,74,97,102,113,121,132,133,148,155,175,191,193,209,215,216,217,227,229,264,270,271,275,276,277,283,293,308,318,319,324,329,330,331,332,333] 
[1,13,22,34,47,49,59,65,71,73,84,95,97,107,114,119,121,132,149,157,168,176,188,193,214,216,217,237,256,266,277,278,282,283,303,307,317,325,329,331,332,333] 
[1,33,38,43,45,50,56,73,80,86,91,108,120,121,131,166,175,188,193,200,213,226,267,271,272,278,283,291,318,326,330,331,332,333] 
[1,19,23,36,43,57,68,73,84,91,93,96,101,104,111,121,131,145,168,193,212,240,258,267,277,283,294,301,318,326,331,333] 
[1,22,36,43,46,49,59,62,70,73,84,91,93,98,107,118,125,132,136,146,156,175,221,239,249,263,268,271,275,283,294,301,303,308,317,329,331,332,333] 
[1,3,4,12,15,36,43,44,50,59,73,83,91,92,98,107,124,131,144,149,150,169,181,226,229,263,266,270,271,279,280,282,283,293,301,302,308,317,330,331,333] 
[1,2,4,33,50,58,98,107,125,127,151,175,215,242,245,254,258,261,266,279,283,293,308,317,329,332,333] 
[1,18,36,43,59,73,84,91,108,123,131,145,156,163,180,214,218,238,240,251,263,266,271,276,282,283,294,301,318,332,333] 
[1,11,36,43,45,49,60,73,85,91,93,97,108,120,121,132,145,155,166,190,193,214,241,258,267,269,271,278,280,282,283,294,301,303,307,318,330,331,333] 
[1,7,35,43,45,50,58,71,73,84,91,94,98,106,119,121,131,146,154,175,190,199,214,218,242,250,267,269,271,276,281,283,293,301,303,308,316,329,331,332,333] 
[1,23,36,43,45,49,60,72,73,84,91,93,97,108,120,121,168,181,215,229,262,266,278,280,283,295,301,303,307,318,330,331,332,333] 
[1,36,43,45,49,60,73,84,90,91,93,98,108,120,121,131,145,151,169,175,191,193,215,224,237,251,267,271,276,280,283,294,299,301,304,308,317,322,331,332,333] 
[1,5,36,43,45,50,59,62,71,73,84,91,93,98,108,124,132,136,170,175,190,193,221,230,260,267,270,271,275,282,283,294,301,303,308,317,320,329,331,333] 
[1,13,36,49,60,73,84,97,108,121,131,145,156,160,162,175,248,266,275,283,293,307,318,332,333] 
[1,15,22,36,43,45,49,60,73,84,91,93,97,108,124,132,149,156,163,165,169,175,200,215,236,249,261,283,294,301,303,307,318,332,333] 
[1,9,29,31,36,43,46,49,59,71,73,84,91,94,97,107,119,121,143,146,167,169,175,215,237,241,249,267,276,281,283,294,301,303,306,307,317,329,331,332,333] 
[1,36,43,45,47,49,60,71,73,84,91,93,98,108,119,121,131,146,155,163,169,175,187,193,214,238,263,283,294,301,303,308,317,332,333] 
[1,20,36,43,45,50,60,71,73,84,91,93,98,104,113,120,121,131,146,155,175,199,216,241,250,266,283,294,301,303,307,317,325,330,331,332,333] 
[1,14,25,36,43,44,46,49,59,71,73,84,91,92,97,108,119,121,132,133,136,143,145,155,160,188,193,207,216,227,230,267,280,282,283,293,301,302,307,317,327,330,332,333] 
[1,25,30,36,43,45,49,55,60,72,73,84,86,91,93,97,103,108,118,120,121,131,136,138,145,146,150,164,168,173,175,177,181,185,190,193,213,236,241,264,266,277,281,283,294,301,303,307,313,317,329,331,332,333] 
[1,35,47,49,59,71,73,83,91,93,97,107,119,121,131,143,145,155,157,181,188,193,214,226,239,258,267,282,283,293,305,307,318,319,323,332,333] 
[1,13,36,49,60,73,84,97,108,121,131,145,156,160,162,175,248,267,275,283,293,307,318,332,333] 
[1,16,29,36,50,59,72,73,84,91,93,97,107,119,121,131,136,166,175,191,193,214,233,240,250,258,267,269,271,283,294,301,303,307,317,329,332,333] 
