[1,11,12,59,60,70,83,85,94,97,104,110,123,130,141,185,195,218,227,236,274,286,325,345,368,383,385,394,395] 
[1,4,12,25,37,44,60,93,107,127,135,164,192,199,209,222,233,248,257,264,274,308,318,340,382,394,395] 
[1,13,21,61,70,85,127,156,175,196,199,218,227,243,250,263,274,301,310,358,382,385,394,395] 
[10,13,54,76,84,105,114,130,137,141,165,186,195,202,219,226,243,250,265,273,292,301,367,376,384,385,393,395] 
[1,11,12,20,36,65,69,84,103,109,128,129,135,146,158,165,168,188,196,199,217,228,240,248,263,274,277,280,281,284,292,301,308,312,313,316,318,340,350,357,364,366,370,382,384,394,395] 
[1,10,12,20,36,44,84,93,107,131,132,156,164,180,249,266,273,300,307,367,382,385,394,395] 
[1,11,12,32,37,45,51,55,58,60,69,82,84,93,97,103,109,116,128,130,134,156,165,171,178,194,203,218,273,285,291,300,302,309,313,347,370,374,375,383,385,394,395] 
[1,11,12,22,36,46,66,70,84,90,94,110,130,133,142,156,166,196,202,218,251,257,267,274,282,286,301,310,348,369,384,385,395] 
[1,2,8,11,12,18,19,21,24,31,36,45,49,57,60,75,85,86,89,93,97,104,109,127,130,132,137,141,144,148,156,165,169,178,180,188,222,274,277,285,288,292,301,309,313,325,328,331,333,342,352,371,382,385,394,395] 
[1,10,11,12,21,34,36,45,54,69,85,93,100,102,110,128,156,169,173,174,178,180,188,199,217,226,240,249,264,271,274,277,285,300,309,318,370,381,383,385,390,394,395] 
[13,107,130,196,273,362,395] 
[1,11,12,19,34,36,44,54,57,60,68,78,90,102,104,110,116,129,137,139,155,163,180,194,202,210,218,226,241,251,258,267,271,273,274,275,301,308,342,343,364,366,367,382,385,395] 
[8,11,12,34,36,57,60,69,85,93,97,103,109,130,137,140,156,164,169,176,180,196,202,210,243,274,281,284,300,310,325,344,371,374,382,385,394,395] 
[5,10,12,55,65,68,90,98,107,127,130,138,140,156,161,164,170,182,192,202,217,227,240,251,264,274,282,300,314,318,344,369,395] 
[1,7,12,90,93,109,130,177,180,186,216,226,234,264,273,300,309,368,382,385,391,394,395] 
[1,11,12,45,60,93,109,130,133,155,165,175,180,195,202,218,229,243,250,263,273,281,299,308,325,345,369,382,385,395] 
[1,11,12,34,36,45,49,57,60,68,84,93,97,103,109,128,130,131,132,156,164,193,240,273,305,308,313,319,342,343,366,367,382,384,385,395] 
[1,11,12,36,55,60,68,84,86,94,97,101,102,103,106,108,115,128,130,133,151,155,164,166,169,175,179,180,194,202,210,271,272,274,275,299,306,323,367,382,385,395] 
[1,6,11,12,30,36,46,48,77,83,93,97,105,107,110,130,133,141,155,164,171,175,178,180,192,200,216,223,240,249,264,273,274,275,277,284,292,297,309,313,322,323,340,342,369,374,377,379,380,381,382,385,394,395] 
[1,11,12,33,68,81,128,150,216,226,237,249,264,274,297,321,369,382,385,394,395] 
[11,12,36,45,51,69,84,93,99,106,110,131,132,156,165,171,177,180,193,273,281,284,300,309,315,320,367,382,384,385,395] 
[1,13,22,36,58,65,74,84,93,137,142,155,165,176,193,199,214,227,241,250,264,273,281,286,300,340,347,363,369,395] 
[1,9,12,31,37,53,65,101,108,114,130,133,151,157,173,178,180,192,200,217,251,265,274,277,295,300,320,376,394,395] 
[1,11,12,20,36,69,84,129,135,189,217,273,334,370,382,384,394,395] 
[1,10,12,61,68,104,110,130,133,165,183,271,274,277,300,309,376,382,386,391,395] 
[1,51,68,99,105,109,115,128,171,177,182,192,241,271,274,277,325,362,380,383,385,391,395] 
[1,3,7,11,12,21,24,31,34,37,45,48,55,57,60,65,68,79,84,103,105,110,116,130,133,137,140,144,149,157,158,161,164,169,175,177,180,195,199,202,204,210,226,230,240,251,258,261,264,274,275,277,280,281,284,288,293,301,302,305,309,313,320,321,323,331,345,347,355,358,364,366,369,374,380,386,390,394,395] 
[1,10,11,12,18,19,34,36,46,49,56,60,68,85,87,94,97,103,105,107,112,120,129,131,133,151,155,160,166,169,178,180,192,203,204,219,226,241,251,252,267,274,282,286,288,298,300,310,313,321,323,324,370,375,377,382,394,395] 
[1,10,11,12,16,17,19,36,45,51,57,65,68,81,86,87,105,107,127,131,133,141,156,165,171,176,183,186,196,202,208,234,271,273,277,280,281,284,301,303,309,315,316,318,358,364,366,370,382,383,385,394,395] 
[1,11,12,21,24,37,45,49,57,61,79,85,93,112,130,137,141,144,177,180,186,216,241,271,274,275,277,286,288,292,301,309,321,323,334,342,343,369,377,381,382,383,385,394,395] 
[1,10,11,12,17,20,30,32,37,45,51,54,55,57,60,65,68,78,79,84,93,102,113,128,129,131,132,137,139,150,151,156,161,165,174,176,180,195,234,273,275,281,294,296,300,306,309,318,320,357,369,381,382,384,385,394,395] 
[5,17,110,129,137,257,273,340,369,383,385,389,395] 
[1,11,12,57,65,107,130,137,192,203,216,227,240,251,265,274,345,370,383,385,395] 
[1,11,12,30,31,36,45,49,52,54,55,60,65,68,84,86,94,97,100,102,103,106,108,115,128,130,131,132,137,151,156,164,166,169,172,174,175,179,180,194,202,204,211,219,226,243,271,272,274,275,281,284,289,295,299,306,315,316,318,340,342,343,347,352,355,358,360,361,362,370,375,376,383,385,390,394,395] 
[1,8,11,12,29,37,58,61,82,84,105,109,128,131,132,178,180,193,202,217,251,265,270,274,277,289,297,358,370,382,385,394,395] 
[1,6,11,12,20,34,36,54,56,65,67,85,92,102,105,108,128,131,132,161,164,174,177,180,217,225,240,250,258,273,279,283,301,309,318,319,369,382,385,390,394,395] 
[1,11,12,52,54,70,89,114,127,130,137,140,174,175,186,251,264,274,281,286,300,322,323,369,382,385,395] 
[1,11,12,178,180,267,274,278,317,370,382,385,394,395] 
[11,12,19,36,61,70,85,87,109,130,133,146,156,172,187,202,204,273,277,285,300,343,369,374,382,386,395] 
[1,10,11,12,17,19,34,36,38,48,57,72,82,84,96,108,111,119,131,137,148,156,158,161,202,206,216,226,231,251,255,264,273,307,313,321,334,367,381,386,394,395] 
[1,12,130,133,144,216,226,265,273,303,370,382,384,385,394,395] 
[1,11,12,44,49,55,61,79,84,93,99,103,111,127,137,164,171,172,182,218,242,271,273,274,275,277,284,288,308,315,340,361,380,383,385,386,391,395] 
[1,11,12,18,21,35,37,57,61,69,82,85,105,107,118,131,132,163,177,182,189,213,264,274,277,284,298,301,305,309,315,321,325,334,350,351,369,382,383,385,395] 
[1,11,12,21,36,60,68,83,93,107,127,133,140,155,164,175,194,202,217,227,242,251,265,273,299,302,371,382,385,394,395] 
[1,10,13,22,36,50,61,70,84,94,103,109,142,164,186,218,266,274,300,306,314,323,340,382,385,392,395] 
[1,11,12,36,45,60,69,84,93,107,130,156,165,180,242,273,300,308,381,395] 
[1,5,12,19,32,45,60,68,84,93,136,206,240,273,277,299,308,323,334,377,385,394,395] 
[1,11,12,37,45,51,85,87,111,130,131,132,141,156,165,187,218,273,301,309,345,383,385,395] 
[1,11,12,47,51,56,65,68,84,94,99,104,108,127,131,132,137,141,155,166,171,175,177,180,195,200,219,224,243,249,266,272,281,284,300,302,305,311,315,320,323,367,382,385,395] 
[1,11,12,22,24,26,37,45,49,57,60,66,68,83,93,97,109,128,131,132,137,142,144,156,159,161,166,169,177,182,192,200,217,226,240,251,258,274,281,285,301,303,368,382,383,385,394,395] 
[1,11,12,21,24,42,45,49,77,90,93,108,127,131,133,162,164,175,180,189,200,206,216,226,240,248,261,266,270,273,277,309,313,367,379,382,385,394,395] 
[1,11,12,19,34,36,45,49,69,84,93,99,104,110,131,133,140,156,165,171,176,181,195,202,219,228,243,251,267,273,298,300,310,315,320,370,375,376,380,382,386,394,395] 
[1,11,12,29,36,55,61,102,109,130,133,186,274,277,376,395] 
[1,11,12,34,36,55,60,76,82,84,103,108,128,130,133,154,156,159,175,178,180,185,194,200,209,226,233,250,257,265,271,274,275,277,298,300,303,322,323,334,347,351,382,386,391,394,395] 
[10,12,21,27,34,36,44,49,69,75,85,104,110,130,137,140,157,171,176,180,192,202,206,250,264,274,277,286,300,307,313,345,370,375,376,380,381,383,385,394,395] 
[25,37,56,89,94,114,130,132,156,177,250,252,266,274,275,300,310,378,382,385,394,395] 
[1,7,11,12,30,36,55,61,75,89,99,103,113,128,130,132,137,150,169,175,188,207,242,274,279,292,301,313,318,355,358,377,383,385,395] 
[1,11,12,17,32,37,56,65,68,84,103,109,130,137,152,155,176,192,267,273,276,277,305,309,319,323,340,368,383,385,394,395] 
[1,11,12,50,56,97,104,114,130,135,150,177,182,216,250,264,274,275,315,319,369,383,385,394,395] 
[1,10,12,34,36,45,48,58,65,93,96,105,110,114,128,130,135,152,155,164,168,178,180,186,216,225,234,251,252,266,274,275,284,288,309,313,320,363,366,367,377,382,385,394,395] 
[1,11,12,49,56,66,70,85,105,110,128,131,132,157,177,187,212,236,273,274,276,301,317,369,382,385,394,395] 
[1,7,11,12,15,17,22,24,32,36,45,49,56,61,70,72,79,85,87,90,93,97,100,103,110,127,130,133,137,139,147,152,156,165,169,175,178,180,186,196,199,210,223,231,243,248,258,267,271,272,274,277,281,284,310,313,318,319,331,334,352,355,358,369,379,382,385,391,395] 
[1,11,12,16,17,19,21,22,24,34,36,45,49,70,72,89,92,94,97,114,128,156,165,168,180,193,199,202,204,217,226,234,241,248,257,265,274,275,282,283,298,300,303,315,324,331,345,370,375,382,383,385,394,395] 
[1,10,13,29,37,45,55,61,77,85,93,104,107,130,138,141,149,157,162,165,178,180,193,218,227,237,264,273,274,277,293,301,310,313,319,323,328,331,334,352,355,358,369,382,385,394,395] 
[1,11,12,55,61,89,93,109,127,137,140,178,180,194,200,217,223,241,250,264,274,275,301,309,369,374,376,382,384,394,395] 
[1,10,12,116,127,189,271,273,277,305,318,325,344,377,382,385,394,395] 
[1,11,12,20,36,44,84,94,107,129,131,132,156,164,180,199,219,226,267,273,300,308,367,382,385,394,395] 
