[1,54,72,100,126,143,171,192,201,217,228,237,244,264,283,298,306,316,338,348,355,370,377,436,455,504,505] 
[1,35,39,48,50,67,72,79,83,90,126,139,144,151,155,159,164,171,179,183,192,199,219,223,236,241,264,272,291,296,325,344,356,368,376,380,384,385,386,397,398,419,423,431,438,456,472,491,499,503,504,505] 
[1,54,68,74,126,139,192,197,237,271,308,343,381,398,438,452,504,505] 
[1,50,72,91,119,121,145,163,198,351,361,381,392,434,448,481,504,505] 
[48,50,65,124,137,144,148,189,192,199,216,224,238,243,264,271,289,300,310,315,335,343,362,367,375,382,386,400,434,448,456,464,503,505] 
[23,39,43,49,62,69,87,96,111,129,141,159,180,195,214,222,267,286,297,309,369,382,399,443,453,471,480,499,504,505] 
[1,51,68,72,76,193,197,199,216,223,235,241,264,271,286,295,307,313,336,343,359,367,378,384,385,397,398,436,451,455,460,499,504,505] 
[50,71,122,143,199,245,264,317,336,384,387,434,453,490,505] 
[1,45,50,72,87,114,122,143,192,195,200,237,281,309,314,344,381,385,386,396,398,427,438,457,471,499,505] 
[1,11,12,14,18,28,35,37,38,47,53,72,75,83,86,90,99,107,110,115,116,119,122,143,147,155,158,163,170,177,180,182,187,188,191,195,239,264,265,311,317,330,336,337,381,395,398,403,409,419,422,431,434,456,457,458,467,470,476,482,492,494,499,500,503,504,505] 
[1,11,13,14,22,27,34,39,43,49,67,121,140,152,192,197,219,221,264,269,285,300,336,341,358,365,385,390,426,433,452,498,504,505] 
[50,72,104,122,144,192,199,216,224,237,243,264,272,288,296,309,315,336,344,381,385,386,406,416,434,456,504,505] 
[1,3,11,15,22,27,34,51,57,68,95,107,110,123,140,166,178,182,192,195,199,215,223,237,250,264,291,300,330,349,367,381,385,386,394,399,406,435,452,480,503,504,505] 
[1,15,24,33,43,50,68,71,81,90,96,105,123,140,143,153,156,159,168,192,196,199,237,240,241,268,290,298,306,326,334,343,361,367,378,384,385,390,395,402,408,422,426,438,452,455,465,471,480,495,498,504,505] 
[1,47,55,67,127,139,159,166,192,195,217,233,270,281,292,303,317,360,377,387,439,452,505] 
[1,11,15,19,27,32,37,38,47,51,67,82,87,106,111,118,123,139,154,159,178,183,187,192,195,201,216,223,238,242,258,272,286,295,310,316,335,339,344,359,368,382,387,394,399,418,423,430,435,451,468,470,490,495,503,504,505] 
[1,19,26,35,38,42,43,44,51,68,87,95,106,110,114,121,140,152,187,188,192,196,280,295,304,314,330,364,375,386,434,451,468,471,475,482,486,504,505] 
[1,11,15,23,27,35,39,47,51,54,67,83,87,106,111,120,123,126,139,159,168,171,178,183,191,198,216,222,239,241,253,263,268,295,309,314,325,335,340,367,381,393,395,399,406,411,431,435,438,451,471,475,492,494,504,505] 
[1,53,72,80,115,116,125,144,152,187,188,192,196,204,264,270,308,336,342,349,378,385,386,406,410,434,456,464,499,500,503,505] 
[1,53,68,126,140,191,197,234,242,380,387,437,452,503,505] 
[54,69,126,140,199,234,335,343,378,438,452,504,505] 
[1,24,26,30,34,37,38,45,48,49,51,67,72,81,82,85,86,95,99,106,111,119,120,121,123,140,144,151,152,167,170,176,178,181,182,191,196,204,210,223,234,244,264,265,271,282,294,306,316,337,340,354,366,375,381,388,407,410,421,422,429,432,433,435,452,455,489,490,504,505] 
[1,199,234,242,376,385,386,485,491,504,505] 
[11,15,121,139,156,158,179,183,192,195,198,216,223,237,241,360,367,381,385,386,420,422,433,451,491,505] 
[1,3,24,27,48,52,72,83,96,110,120,124,132,139,144,147,160,168,171,198,207,222,231,264,270,282,295,303,316,335,342,351,366,376,385,387,438,455,460,505] 
[1,52,68,123,140,199,234,243,344,379,385,386,436,452,504,505] 
[1,3,21,27,42,52,69,92,98,123,141,165,170,186,201,237,243,264,309,316,336,343,375,383,387,436,453,477,498,504,505] 
[1,24,27,48,52,67,90,96,99,124,136,155,192,197,228,230,244,264,270,278,288,301,316,333,342,350,356,374,385,386,387,396,399,408,411,432,436,451,456,459,504,505] 
[1,52,67,132,140,192,199,237,244,263,271,279,320,335,361,372,381,384,385,386,423,444,451,504,505] 
[1,51,66,123,138,156,158,192,199,207,223,231,242,279,295,303,315,375,396,398,435,450,504,505] 
[46,52,72,86,106,125,144,162,179,192,195,264,267,336,342,380,390,419,437,453,468,470,488,504,505] 
[36,49,69,117,121,143,161,166,200,216,224,235,242,264,272,283,296,309,314,336,343,355,368,380,389,401,406,434,456,472,478,505] 
[1,11,13,14,24,27,35,39,50,68,72,87,106,111,122,141,144,153,155,159,167,171,192,195,200,216,223,238,243,272,285,296,309,311,315,344,356,368,381,383,385,386,399,406,419,422,434,455,466,504,505] 
[1,3,19,27,53,61,67,72,87,91,99,119,123,129,139,144,147,163,183,191,199,212,232,238,243,272,304,310,314,328,366,370,382,385,386,387,405,411,431,434,438,452,475,483,505] 
[1,50,69,72,75,90,91,124,141,144,147,192,195,201,207,225,233,241,252,264,273,313,336,340,369,376,399,435,453,456,459,504,505] 
[1,54,67,126,139,180,194,309,340,381,439,451,505] 
