[1,25,27,48,50,61,63,68,85,89,97,99,104,109,111,121,126,133,138,144,152,161,168,191,195,209,229,252,254,265,267,282,294] 
[1,24,46,60,81,84,96,102,109,111,112,115,121,127,133,135,139,146,163,164,191,196,210,229,252,264,280,286,287,291,292,293,294] 
[1,8,11,15,21,25,36,37,48,57,61,69,81,85,96,99,100,103,107,115,121,123,124,126,131,138,153,163,172,191,195,200,215,216,222,228,252,265,276,278,282,287,291,292,293,294] 
[1,13,24,47,50,61,84,86,97,116,121,140,150,152,167,175,192,200,209,226,229,251,254,266,281,286,287,289,292,294] 
[1,24,49,60,85,96,97,103,109,115,121,125,133,139,161,163,164,168,173,192,196,211,214,228,253,264,265,284,287,291,293,294] 
[1,3,4,6,25,49,61,72,75,87,97,99,100,102,109,110,142,161,162,190,194,203,230,234,253,265,276,279,282,287,293,294] 
[1,12,17,25,34,47,52,61,67,83,88,97,103,107,115,121,123,133,135,136,139,146,162,169,171,189,192,211,221,229,252,256,266,268,275,277,286,292,294] 
[1,3,24,49,60,77,85,96,102,109,115,121,127,133,139,156,158,169,172,192,196,214,222,228,253,264,286,289,291,294] 
[1,24,49,61,84,86,97,103,109,111,115,121,127,133,135,139,152,159,192,209,228,253,265,282,288,290,294] 
[1,24,48,50,61,78,85,97,127,132,167,211,229,254,265,284,293,294] 
[1,3,5,6,10,12,13,24,49,62,66,81,84,97,102,109,116,120,127,132,138,165,181,188,205,212,216,219,229,249,252,265,282,291,292,293,294] 
[1,25,48,61,84,97,101,107,113,121,125,130,137,147,150,161,168,178,191,200,216,229,252,253,265,282,290,293,294] 
[1,25,27,30,32,35,37,48,61,62,71,73,85,96,97,103,109,126,160,163,164,175,178,180,182,189,193,199,202,204,205,213,229,231,234,236,239,242,244,252,265,266,275,277,282,283,284,290,292,293,294] 
[1,3,9,13,17,19,23,25,46,62,76,87,90,92,97,102,109,124,125,130,133,139,140,145,147,163,165,176,178,179,181,182,197,200,205,206,218,223,231,235,254,257,261,264,265,284,289,290,291,292,293,294] 
[1,26,49,61,85,97,98,103,109,111,112,113,121,125,133,135,161,167,168,172,191,192,195,212,230,253,265,266,283,290,293,294] 
[1,24,48,50,61,83,85,97,102,109,114,121,126,133,138,180,185,190,193,204,209,214,228,252,254,265,281,287,289,290,294] 
[1,11,25,31,47,48,60,62,65,70,83,85,97,101,109,116,121,125,133,140,167,171,191,193,215,226,228,235,252,253,264,281,284,292,293,294] 
[1,10,25,30,48,50,61,83,84,97,99,100,103,109,110,124,127,132,136,147,150,152,159,163,165,191,197,200,205,210,216,229,253,265,282,287,293,294] 
[1,26,28,49,51,62,82,86,98,104,110,116,118,122,128,134,140,142,147,151,153,157,160,164,165,168,170,172,175,177,181,189,192,193,196,213,216,218,229,253,254,265,266,282,287,290,291,294] 
[1,13,24,47,50,61,84,86,97,115,121,139,150,152,167,175,192,200,209,229,251,254,266,281,286,288,289,292,294] 
[1,16,24,29,48,54,60,69,77,86,95,98,99,100,103,109,111,115,121,123,127,133,135,139,147,159,163,164,168,177,191,193,206,209,215,217,226,237,240,243,245,254,258,259,264,273,282,291,293,294] 
[1,24,26,42,47,48,50,60,61,78,84,95,125,127,136,137,153,158,163,165,167,170,181,187,193,194,203,214,215,228,230,237,245,252,253,265,273,282,285,291,292,293,294] 
[2,9,16,20,25,26,31,46,50,56,60,67,84,86,92,97,103,109,115,121,127,133,139,144,159,167,169,174,175,186,188,194,195,198,199,207,215,224,229,235,252,254,260,265,271,285,290,292,293,294] 
[1,24,42,48,60,77,84,96,102,109,114,121,126,133,137,160,166,189,204,210,218,228,252,265,282,287,292,293,294] 
[1,26,48,62,80,85,97,99,102,111,114,121,123,126,135,138,141,147,167,175,191,201,209,215,229,235,252,254,265,266,282,292,293,294] 
[1,16,18,20,25,26,48,54,55,61,62,85,90,91,97,98,108,118,121,123,124,125,133,134,138,139,143,145,150,153,163,165,169,173,181,184,189,191,193,195,215,222,223,229,230,252,258,259,265,266,282,287,294] 
[1,25,48,62,70,84,97,140,162,165,168,170,191,194,215,229,253,265,280,291,293,294] 
[1,14,25,45,48,61,81,84,97,115,121,139,161,169,171,191,194,214,229,251,252,265,282,292,294] 
[1,3,15,25,36,40,42,49,57,61,81,86,97,102,109,114,118,121,126,133,135,138,143,145,150,157,163,164,166,169,172,196,208,216,221,223,227,228,229,238,240,244,249,257,260,264,265,282,283,291,292,293,294] 
[1,3,10,12,25,49,55,61,81,85,91,97,102,109,114,121,126,133,137,146,167,172,191,195,212,221,229,252,258,265,284,291,294] 
[1,14,18,26,29,36,37,48,49,59,61,84,95,97,103,109,111,120,136,159,173,215,228,253,263,285,291,292,293,294] 
[2,25,49,61,78,97,139,215,229,246,265,294] 
[1,3,11,13,24,28,34,47,50,62,81,85,96,109,111,116,121,123,143,148,160,163,164,168,173,188,191,193,194,197,211,215,217,228,231,251,254,265,267,274,280,282,283,284,285,287,290,292,294] 
[1,24,48,49,61,84,86,97,103,109,115,121,127,133,135,190,198,212,228,252,253,264,281,290,293,294] 
[1,8,25,48,61,78,79,87,97,99,100,105,109,111,112,116,121,141,155,191,215,220,229,252,265,281,292,294] 
[1,3,25,48,61,66,84,97,99,100,102,109,115,121,127,133,138,150,160,163,169,172,192,193,195,211,215,219,229,239,241,252,265,282,287,292,294] 
[1,10,25,41,49,61,77,84,97,103,109,139,159,163,214,229,253,265,282,285,292,293,294] 
[1,11,13,23,25,48,50,61,62,84,86,97,99,109,111,121,123,133,135,152,163,164,167,173,192,193,197,215,229,252,254,258,261,265,282,293,294] 
[1,2,3,13,25,43,46,48,51,61,82,84,87,97,99,101,111,112,121,123,125,133,135,143,146,156,158,162,165,169,171,190,191,192,194,211,214,215,217,229,247,252,255,265,281,287,289,290,292,294] 
[1,16,25,49,61,83,85,97,102,109,115,121,126,133,139,150,163,164,167,172,192,196,214,224,229,253,265,282,284,290,293,294] 
[1,25,48,61,84,97,139,150,168,215,229,252,265,282,294] 
[1,24,49,61,84,97,141,163,164,190,194,214,228,252,256,265,281,285,293,294] 
