[1,7,21,24,25,34,37,71,83,86,91,96,99,113,122,151,156,170,172,176,178,193,219,274,309,369,370,374,376,380,381] 
[1,4,17,21,23,24,28,78,79,89,106,110,119,120,121,136,146,157,160,164,169,170,176,178,228,250,273,276,291,299,320,323,324,325,340,344,364,368,373,374,379,381] 
[1,18,22,23,24,78,85,105,106,113,116,118,119,122,127,129,142,150,171,173,176,178,238,251,286,299,317,373,380,381] 
[1,21,23,24,30,58,64,78,83,92,101,110,117,122,131,151,157,171,177,183,198,221,251,256,269,273,282,298,306,316,332,344,350,359,366,375,381] 
[1,18,22,23,24,49,57,63,78,80,83,85,105,110,113,122,127,129,142,150,168,170,177,178,187,188,195,243,251,286,299,317,373,380,381] 
[1,5,17,20,21,24,37,51,67,76,87,99,112,116,119,130,144,161,169,180,313,330,373,375,376,380,381] 
[1,7,18,19,22,24,32,47,52,65,68,74,77,81,88,100,123,140,155,157,164,167,170,173,184,201,204,225,226,238,239,262,274,275,286,290,297,300,310,320,321,322,329,343,352,362,372,374,381] 
[1,19,22,24,25,36,50,57,62,76,87,92,98,116,119,122,131,143,151,155,161,169,176,178,182,237,247,258,259,282,298,319,323,326,330,334,347,354,360,366,374,380,381] 
[1,21,24,59,66,77,79,82,88,100,112,120,152,159,163,166,170,182,248,250,273,285,324,344,361,364,368,370,374,380,381] 
[1,16,20,78,79,86,94,98,113,123,158,162,170,178,240,273,288,322,366,374,381] 
[1,18,22,24,27,28,58,63,83,86,116,120,121,127,131,151,156,171,173,187,331,335,339,355,360,375,377,380,381] 
[1,19,20,25,34,37,68,77,79,83,85,89,106,116,146,147,164,166,170,172,174,179,193,200,202,218,224,227,235,238,243,259,262,292,301,306,319,321,322,331,334,369,370,374,376,378,379,380,381] 
[1,7,18,19,23,24,26,43,56,67,78,87,95,102,113,116,136,150,160,171,177,178,183,198,201,219,237,251,269,274,285,299,315,321,343,348,364,374,376,379,381] 
[1,4,19,21,22,24,78,79,82,86,116,130,151,154,171,172,175,178,321,322,334,375,376,378,380,381] 
[1,10,22,24,34,113,118,130,138,178,332,371,374,376,381] 
[1,8,18,21,24,34,38,57,68,77,83,86,94,114,126,131,143,161,170,176,178,195,200,219,250,267,298,315,330,335,352,367,374,380,381] 
[1,17,21,23,24,34,36,78,85,105,110,113,116,122,127,129,142,150,170,177,178,187,188,195,201,221,243,251,286,299,316,373,380,381] 
[1,7,18,22,24,28,49,59,67,81,91,116,123,130,152,159,164,166,170,180,189,195,200,207,212,218,229,238,260,267,273,286,308,314,355,364,368,370,374,376,380,381] 
[1,21,23,24,47,49,54,76,78,79,83,86,89,96,98,101,116,120,129,130,136,147,150,155,169,172,176,177,196,200,204,224,230,248,251,260,268,271,280,295,304,309,316,319,320,321,322,335,339,351,373,375,376,380,381] 
[1,8,17,22,24,28,34,37,73,77,81,86,116,124,127,130,151,160,166,170,174,178,241,249,272,275,279,283,287,321,331,334,341,355,360,370,373,376,378,381] 
[1,8,17,31,33,37,50,60,77,87,98,106,110,116,130,151,160,170,177,178,203,212,231,243,251,260,275,279,296,299,308,320,327,349,357,375,377,380,381] 
[1,4,21,23,24,25,30,35,39,69,77,79,83,86,88,99,114,122,128,137,140,151,162,170,176,178,183,306,309,320,326,374,376,380,381] 
[1,21,25,34,47,56,82,87,102,106,117,127,139,151,176,178,204,317,336,352,379,381] 
[1,21,24,30,54,58,66,77,87,103,108,116,123,130,151,159,170,182,200,206,224,226,247,256,260,265,272,277,289,296,301,308,313,320,321,322,327,351,355,363,374,381] 
[1,9,12,13,18,26,64,66,69,82,87,105,119,129,136,157,159,166,175,180,198,202,224,231,249,273,295,308,312,319,324,362,370,374,377,378,381] 
[1,17,21,22,24,37,50,68,76,84,85,143,170,181,224,231,273,292,321,327,374,380,381] 
[1,4,17,21,24,30,77,83,86,103,119,170,176,181,200,205,224,226,240,251,271,274,289,299,319,322,327,374,379,381] 
[1,5,18,22,24,25,32,50,73,77,79,83,85,106,118,129,140,161,171,172,176,182,347,370,374,376,380,381] 
[1,17,19,21,24,25,27,28,35,37,57,60,62,80,83,86,95,101,116,118,121,127,130,150,153,176,178,227,248,286,296,318,322,354,357,359,375,380,381] 
[1,17,20,22,24,25,40,48,60,77,89,98,112,117,118,127,130,146,153,160,170,179,199,203,225,227,273,275,288,298,320,321,322,331,334,350,354,357,364,374,380,381] 
[1,17,22,24,30,57,67,77,83,85,102,114,117,121,131,161,170,180,228,260,287,305,321,322,346,374,380,381] 
[1,7,18,22,23,24,28,41,50,68,77,80,82,85,111,121,133,151,153,157,159,170,173,175,177,178,224,240,251,253,273,291,298,313,320,331,338,347,361,363,374,377,379,381] 
[1,7,18,21,23,24,28,36,77,81,89,97,118,121,132,139,143,145,153,170,178,181,205,223,230,264,272,275,282,317,321,322,323,325,337,342,347,349,357,373,375,376,380,381] 
[1,10,17,21,25,37,57,84,87,99,114,130,170,185,226,227,237,249,250,272,285,296,298,320,322,334,344,379,381] 
[1,2,8,19,21,23,24,31,33,37,40,42,47,51,65,67,73,77,83,86,94,110,116,123,126,130,150,166,170,176,180,195,250,267,299,315,331,340,348,370,374,377,381] 
[1,4,21,24,34,46,77,88,106,113,170,184,197,202,221,225,238,250,270,272,286,298,317,322,374,380,381] 
[1,20,21,23,24,84,88,164,183,196,200,221,242,269,274,285,299,311,380,381] 
[1,18,21,23,24,27,47,63,77,80,87,95,98,114,123,140,154,169,170,172,176,179,185,188,194,200,206,212,238,247,255,272,281,295,302,320,321,322,334,359,374,377,380,381] 
[1,18,21,25,57,62,78,79,100,111,113,122,170,172,175,179,181,196,201,204,241,250,266,273,288,302,320,324,374,376,379,381] 
[1,4,10,18,21,22,24,38,44,48,59,62,76,77,79,87,104,116,119,141,151,170,172,176,179,181,224,226,236,238,260,266,271,287,309,312,320,323,341,345,355,373,374,376,381] 
