[1,3,9,12,15,21,32,36,39,43,53,92,96,104,105,108,111,117,127,132,135,141,160,168,179,192,199,207,209,220,231,233,241,243,248,252,255,262,266,267,272,276,279,285,288,289] 
[1,2,3,6,7,12,15,27,36,39,50,62,78,85,86,106,108,110,123,132,135,141,142,154,189,195,209,218,233,247,252,255,276,278,288,289] 
[1,7,12,15,31,35,36,40,45,48,50,96,99,103,107,111,117,121,122,131,132,135,152,156,163,233,240,243,247,251,255,270,272,275,282,283,285,287,288,289] 
[1,8,12,15,17,19,21,31,36,39,41,43,45,53,61,67,84,92,96,104,108,115,116,118,128,132,139,142,145,146,149,156,164,180,188,196,209,223,233,241,247,252,259,262,267,276,282,285,288,289] 
[1,2,3,23,26,34,39,47,50,75,84,93,103,105,111,119,127,130,135,142,144,146,189,194,208,221,233,240,241,242,252,255,263,267,288,289] 
[1,5,7,12,14,28,31,34,48,50,68,80,92,96,103,106,125,127,130,142,144,146,164,175,188,200,232,239,242,247,250,266,271,276,278,281,282,288,289] 
[1,3,8,12,15,22,32,36,39,43,44,46,48,50,54,96,104,108,111,117,120,128,132,135,139,141,144,146,151,192,194,232,240,241,243,248,252,255,259,260,262,272,276,279,282,285,288,289] 
[1,12,15,18,23,26,36,39,47,50,62,69,75,87,96,108,111,119,123,132,135,142,143,146,158,168,183,213,222,233,241,243,252,255,259,263,267,276,279,283,288,289] 
[1,3,12,15,19,23,31,36,39,46,51,53,57,63,81,88,96,99,108,111,115,119,132,135,144,146,181,183,192,200,209,229,232,241,246,252,255,264,287,289] 
[1,3,7,12,15,23,27,31,36,39,47,51,85,87,97,101,103,108,111,115,120,123,127,129,132,135,141,144,147,157,159,181,183,193,211,222,232,240,247,252,255,261,271,276,282,287,288,289] 
[1,5,7,12,14,17,19,31,34,40,43,46,48,50,67,107,110,113,115,117,127,130,137,139,142,144,146,147,156,163,168,183,192,193,239,245,247,250,251,254,257,259,262,269,271,273,276,278,280,283,287,288,289] 
[1,3,12,15,23,31,36,39,46,51,81,88,96,99,107,111,115,119,132,135,144,146,181,183,192,199,209,229,232,241,246,252,255,263,288,289] 
[1,7,9,15,22,24,25,32,33,39,46,48,50,98,103,105,111,118,123,125,127,129,135,142,144,146,190,204,209,239,245,248,249,254,262,266,269,271,273,281,283,284,286,287,288,289] 
[1,7,73,81,84,91,96,103,144,146,169,181,194,208,214,232,241,247,283,288,289] 
[1,5,7,12,15,16,19,29,31,36,39,41,43,49,50,53,61,68,84,87,96,101,103,108,110,123,132,134,137,139,141,144,147,192,194,216,219,234,241,242,247,252,254,257,259,261,265,269,272,276,279,280,282,287,288,289] 
[1,3,10,15,22,25,34,36,39,46,48,50,56,93,96,99,106,110,118,121,128,130,142,144,146,166,169,180,190,198,211,222,232,241,243,250,255,262,267,276,279,283,284,288,289] 
[1,8,10,24,25,32,36,39,44,48,50,58,69,91,93,96,103,108,111,116,127,132,135,139,140,144,146,163,165,201,211,217,224,232,241,247,252,255,259,261,267,268,271,275,283,285,288,289] 
[1,5,7,9,12,14,21,24,25,31,33,39,48,50,51,57,63,69,74,81,97,99,103,105,111,116,122,129,144,146,147,153,156,158,165,170,180,196,209,215,218,233,241,243,247,249,255,261,264,267,268,271,273,276,279,280,283,284,285,287,289] 
[1,2,3,47,50,61,64,85,89,96,99,143,146,181,183,199,208,218,232,240,243,281,282,287,289] 
[1,8,12,14,24,25,36,38,48,50,71,85,97,98,102,108,110,121,128,129,132,134,144,146,151,167,180,196,216,220,232,240,247,252,254,262,265,272,273,276,278,283,284,288,289] 
[1,3,6,7,10,12,15,23,26,28,31,34,36,39,47,49,50,54,57,61,62,65,81,85,86,89,106,108,110,132,135,137,144,146,150,153,157,158,160,164,181,183,188,204,213,220,233,240,244,246,247,250,252,255,263,267,268,276,279,281,282,286,287,288,289] 
[1,10,19,36,50,82,96,103,108,111,115,123,132,146,177,192,195,199,209,220,233,237,241,259,271,276,282,285,287,288,289] 
[1,8,11,14,19,23,25,36,39,46,48,50,55,77,85,96,103,108,111,118,121,128,132,142,146,151,157,168,209,220,233,240,249,252,255,262,265,274,276,279,285,288,289] 
[1,2,3,6,7,12,19,22,25,33,36,39,46,50,94,97,103,108,111,115,118,124,132,139,142,146,192,199,213,223,236,241,247,252,256,262,267,273,276,282,283,288,289] 
[1,3,12,14,22,31,36,38,47,51,119,127,132,135,143,147,193,196,216,219,222,242,247,252,254,263,267,270,271,276,279,283,287,288,289] 
[1,12,15,21,31,34,41,46,49,50,74,81,97,103,105,113,132,137,142,144,146,161,190,193,206,216,222,232,241,245,249,257,262,276,281,285,288,289] 
[1,3,8,12,15,20,21,27,36,44,45,51,85,87,96,103,108,111,116,117,123,132,140,141,147,180,183,195,241,247,252,255,260,261,267,268,269,271,276,279,281,282,283,284,288,289] 
[1,3,12,14,24,25,36,38,47,50,85,86,96,108,110,117,122,130,144,146,194,208,219,232,239,243,252,254,261,267,274,276,278,281,283,287,288,289] 
[1,3,7,12,15,21,27,36,39,45,47,50,57,62,81,86,93,96,98,99,103,108,111,117,123,132,135,141,144,146,153,158,177,182,189,196,208,220,232,240,241,243,247,252,255,276,279,283,284,285,286,288,289] 
[1,3,12,14,23,29,31,36,38,48,50,93,99,108,110,125,127,132,134,144,146,149,189,201,208,228,233,240,246,247,252,254,263,271,276,278,282,285,288,289] 
[1,48,50,61,63,85,86,97,98,108,110,118,123,134,144,146,157,158,181,182,189,195,241,247,250,265,267,288,289] 
[1,3,11,15,20,48,50,85,86,96,99,132,135,144,146,179,198,213,218,239,243,255,264,267,276,279,281,288,289] 
[1,3,5,7,11,14,31,35,38,48,50,97,103,107,121,132,134,156,158,275,287,288,289] 
[1,3,7,11,14,21,25,31,34,36,38,47,50,69,74,93,103,106,110,127,132,134,142,146,165,171,180,192,195,201,213,216,218,223,237,247,250,252,254,272,275,287,289] 
[1,12,34,48,50,51,61,63,75,85,87,96,99,121,132,144,146,157,159,171,181,183,192,194,208,216,218,232,241,243,253,283,284,288,289] 
[1,2,3,6,7,12,14,24,25,26,27,36,39,41,47,50,61,63,85,86,96,98,101,103,108,109,110,120,121,128,132,133,134,137,139,144,146,164,181,182,196,208,218,232,240,241,242,246,247,252,253,254,257,264,265,269,271,276,279,283,287,288,289] 
[1,3,10,15,20,27,34,39,46,50,96,118,130,135,142,146,232,241,243,250,255,273,279,283,287,289] 
[1,8,10,32,35,51,61,63,84,87,96,103,107,147,173,180,183,216,223,232,252,287,288,289] 
[1,27,34,48,50,53,67,96,98,103,108,127,131,144,146,161,215,220,239,269,271,275,287,289] 
[1,8,12,15,31,36,39,48,50,57,73,79,97,103,108,111,128,132,135,144,147,153,209,223,233,241,247,252,255,264,267,276,279,287,288,289] 
[1,4,8,10,12,14,22,27,32,34,39,47,50,56,96,100,104,106,108,110,118,123,128,130,132,134,144,146,164,168,193,194,208,218,228,240,244,248,250,252,254,262,267,272,274,276,278,288,289] 
[1,2,3,12,15,24,27,32,36,39,48,51,66,96,99,108,111,120,121,122,124,127,132,135,144,146,152,156,159,233,240,241,242,243,245,247,252,255,257,259,260,264,266,267,268,272,276,279,281,282,283,284,285,288,289] 
[1,8,10,15,17,19,20,24,25,29,31,34,36,38,44,49,50,63,72,89,96,103,106,110,115,116,127,130,140,146,169,183,192,195,232,241,242,247,249,259,261,266,275,287,288,289] 
[1,2,7,11,14,21,25,31,33,35,38,44,46,50,61,63,73,84,96,103,105,110,114,115,118,121,127,131,134,142,146,147,153,156,158,175,177,180,193,199,209,221,223,233,240,241,242,244,247,251,254,259,262,265,269,275,278,280,283,284,287,288,289] 
[1,6,7,10,12,14,24,32,36,39,42,43,48,49,50,63,67,69,73,79,85,86,108,111,114,115,120,128,129,139,144,147,163,165,171,180,183,211,221,235,241,242,243,246,247,249,252,255,258,259,264,272,273,277,278,282,283,285,287,288,289] 
[1,3,12,15,27,36,39,51,61,63,96,108,111,123,132,135,147,157,159,181,183,212,239,247,252,255,267,276,282,289] 
