[1,3,4,6,7,17,36,54,78,90,111,115,123,127,135,138,140,149,151,159,161,173,175,189,195,202,205,213,226,228,230,267,273,274] 
[1,7,11,14,36,80,82,107,115,135,137,146,154,156,159,161,179,181,202,209,225,231,248,250,251,272,274] 
[1,12,30,38,46,50,57,58,62,70,74,83,93,95,98,105,106,117,119,129,131,132,136,147,154,160,171,179,181,201,217,242,247,266,273,274] 
[1,56,69,83,94,135,154,172,185,199,225,228,273,274] 
[1,2,7,11,18,31,38,48,52,81,83,85,95,96,104,107,115,119,128,131,132,178,225,228,252,256,272,273,274] 
[1,8,11,33,40,43,46,53,75,82,84,93,95,99,103,119,127,154,157,159,170,178,184,201,204,226,228,238,247,250,251,270,273,274] 
[1,8,10,31,38,48,53,77,84,93,94,103,107,115,119,127,131,132,178,225,228,238,257,273,274] 
[1,2,6,7,11,36,55,58,80,84,130,146,154,156,160,172,178,189,195,201,207,213,220,225,228,246,273,274] 
[1,2,5,7,10,33,76,79,84,93,95,105,106,117,119,129,131,132,141,144,154,155,156,165,170,178,179,184,186,193,199,203,205,223,232,254,270,272,274] 
[1,7,9,34,56,62,68,80,82,93,94,105,107,117,127,130,148,154,172,178,199,225,228,248,254,260,273,274] 
[1,2,11,29,30,35,46,54,70,78,81,84,92,106,107,109,117,121,129,131,132,135,137,140,154,161,164,178,179,180,184,226,228,238,246,250,273,274] 
[1,7,9,34,54,58,60,67,72,80,82,89,106,131,132,145,155,171,178,201,205,225,229,250,251,271,274] 
[1,31,40,44,84,131,132,141,143,159,161,165,167,179,180,185,192,197,204,209,216,221,225,228,229,230,273,274] 
[1,2,5,7,54,106,107,111,131,132,134,145,155,156,159,168,178,180,201,226,228,247,256,257,262,269,273,274] 
[1,3,20,86,135,144,154,168,178,225,231,272,274] 
[1,2,3,4,7,9,11,33,52,93,94,103,106,117,119,127,131,132,135,136,140,144,155,156,158,160,164,169,179,181,225,227,239,244,270,273,274] 
[1,7,9,17,29,31,41,47,53,57,59,65,70,77,82,118,140,143,150,156,158,164,167,174,179,200,203,212,214,218,224,225,227,228,230,236,239,245,252,257,266,269,273,274] 
[1,2,8,9,13,36,40,43,46,55,59,60,64,67,71,81,82,91,94,100,108,111,120,123,133,135,141,142,152,154,159,167,176,178,181,203,220,227,232,235,238,249,251,256,261,263,264,268,274] 
[1,7,11,31,32,42,52,53,76,85,106,109,116,130,132,145,155,156,168,178,192,201,203,225,229,231,234,244,246,250,258,268,269,272,273,274] 
[1,2,7,8,11,36,56,58,80,82,84,93,94,105,107,115,119,120,122,124,131,132,135,136,141,148,155,156,159,172,178,180,186,189,191,197,201,206,213,218,226,228,248,250,270,273,274] 
[1,8,10,37,48,53,79,84,95,103,107,115,119,127,130,137,177,178,211,216,225,228,237,257,269,273,274] 
[1,2,8,9,33,52,60,76,81,85,93,95,104,107,116,119,129,131,132,135,137,141,147,159,161,166,172,179,180,199,204,211,217,224,225,228,236,247,263,274] 
[1,5,8,10,15,34,46,54,58,66,70,74,78,82,92,107,115,119,127,143,155,156,158,162,170,179,192,201,226,228,232,238,246,273,274] 
[1,34,46,51,58,63,70,74,80,82,107,130,132,146,155,165,169,178,180,201,226,228,238,243,250,254,262,265,273,274] 
[1,2,34,46,51,58,63,70,74,80,82,107,131,132,146,155,165,169,178,181,201,238,243,250,254,262,266,273,274] 
[1,2,7,32,46,66,78,82,140,143,154,156,180,202,204,226,228,252,272,273,274] 
[1,8,32,43,46,49,55,58,77,80,82,84,94,105,120,159,162,177,178,180,202,206,226,228,230,246,250,271,274] 
[1,8,11,37,43,49,59,61,67,73,80,90,93,106,114,117,119,124,136,137,155,156,157,158,161,165,170,179,181,186,196,210,220,226,228,240,241,252,254,259,265,272,274] 
[1,19,34,46,47,78,83,92,94,116,119,124,130,145,154,170,179,184,202,215,226,231,238,239,270,273,274] 
[1,2,35,81,84,92,107,116,131,132,144,155,168,179,180,186,192,197,201,204,210,216,220,225,228,250,267,272,274] 
[1,3,4,7,8,9,31,46,50,59,61,69,75,80,82,91,95,98,103,106,108,111,115,119,127,130,154,156,159,162,164,167,178,180,201,223,229,241,243,251,253,272,273,274] 
[1,2,8,10,24,26,32,36,46,49,57,58,60,70,73,80,81,82,84,87,88,95,99,100,106,111,112,119,123,124,136,137,142,143,145,153,155,156,161,173,179,189,193,201,204,213,216,222,225,228,231,238,241,250,251,252,262,264,271,272,273,274] 
[1,26,80,88,106,109,130,132,155,156,165,170,178,180,188,192,201,203,212,215,224,228,274] 
[1,54,58,61,80,84,92,123,127,155,156,178,184,194,202,206,208,218,226,240,247,252,272,273,274] 
[4,5,6,9,33,37,39,54,56,58,78,80,82,83,84,89,107,113,118,127,131,132,135,136,149,154,179,180,189,192,201,204,226,228,229,231,236,238,246,250,253,255,258,267,270,273,274] 
[1,7,11,18,34,46,65,77,83,87,91,92,95,111,115,116,119,123,132,144,159,160,164,178,181,186,193,200,207,210,222,227,228,240,257,269,271,274] 
[1,2,3,4,6,8,9,63,71,73,86,105,106,129,130,145,149,201,217,223,239,242,273,274] 
[1,2,11,35,44,58,77,82,91,98,130,132,151,154,155,156,158,161,165,168,178,181,186,193,199,205,211,217,223,232,237,250,261,273,274] 
[1,3,4,7,10,34,66,80,83,93,107,120,131,133,135,137,141,143,148,159,161,165,172,179,181,225,230,258,274] 
[1,41,53,91,169,178,200,220,224,240,245,269,273,274] 
[1,7,11,34,90,106,107,130,146,155,172,178,202,226,228,273,274] 
[1,2,4,7,9,11,13,17,20,28,32,46,54,58,77,83,103,106,115,154,159,160,178,179,180,194,196,204,208,216,220,225,228,238,246,250,273,274] 
[1,3,4,7,9,11,19,34,49,52,61,65,67,71,73,77,79,82,106,107,129,131,132,145,154,155,156,169,178,179,181,189,193,201,205,212,217,224,225,229,238,245,250,262,265,268,273,274] 
[1,10,38,58,59,81,83,93,105,119,144,164,173,177,219,226,228,248,260,274] 
[1,11,17,54,81,85,93,98,105,106,122,129,130,132,141,149,159,165,173,180,183,196,212,214,225,227,231,238,250,258,264,269,274] 
[1,35,46,53,58,77,85,129,141,148,165,175,178,192,197,226,228,237,245,250,258,262,269,273,274] 
[1,11,18,34,46,65,69,96,111,119,123,144,159,160,171,186,193,200,207,210,222,227,228,240,257,269,274] 
[1,8,9,33,55,58,79,91,130,132,155,156,172,177,178,179,183,187,192,199,201,204,207,211,216,226,228,247,250,255,272,274] 
