[1,3,18,26,30,39,54,62,66,75,94,99,105,108,109,111,120,122,126,129,134,138,147,166,171,177,178,181,183,195,198,201,206,210,213,217,229,234,236] 
[1,19,20,25,30,31,32,38,54,55,56,66,74,96,107,109,115,126,128,138,139,151,164,169,173,176,179,181,187,199,200,205,210,213,233,236] 
[1,15,19,22,35,40,55,56,58,71,75,99,106,108,109,113,127,130,142,171,177,180,181,182,190,199,200,202,230,234,236] 
[1,18,20,23,30,41,55,56,60,67,80,87,96,99,105,108,109,113,138,150,158,168,171,174,176,178,181,187,199,200,210,211,234,236] 
[1,19,22,30,37,55,58,66,75,99,105,109,118,127,130,138,145,175,178,181,189,198,202,210,213,232,236] 
[1,5,6,10,19,22,30,37,40,55,58,66,75,99,101,105,107,109,113,118,126,130,138,148,167,173,176,177,181,185,190,199,202,210,213,235,236] 
[1,14,18,24,26,35,50,54,62,66,67,71,75,91,102,106,109,121,126,134,138,139,143,153,166,173,175,179,180,181,194,198,200,206,210,220,226,232,236] 
[1,103,109,142,150,175,184,195,210,229,236] 
[1,6,10,19,22,27,30,40,55,63,66,75,101,102,106,108,109,117,127,130,135,138,147,174,176,178,180,181,182,195,198,207,210,211,216,232,236] 
[1,2,19,20,27,30,45,55,56,66,72,73,77,91,99,106,109,113,126,128,138,149,162,171,172,177,179,181,183,195,198,201,207,210,226,233,236] 
[1,4,19,20,26,30,31,51,54,58,66,67,71,75,85,87,98,105,108,109,123,126,130,138,139,143,147,160,170,173,175,179,181,185,199,200,206,210,211,227,235,236] 
[1,30,36,37,54,57,66,72,73,89,101,106,109,115,139,144,145,161,169,173,174,178,181,190,226,235,236] 
[1,11,19,24,31,51,55,63,67,98,104,108,109,119,127,131,139,148,168,177,178,181,191,199,203,210,233,236] 
[1,11,18,24,30,44,54,59,66,67,71,75,95,99,101,105,109,110,116,125,127,128,131,137,138,139,143,147,166,171,177,178,180,181,182,191,199,200,203,210,211,226,233,236] 
[1,8,16,34,44,55,58,67,73,101,105,107,109,113,152,158,166,176,179,181,187,199,201,207,210,231,236] 
[1,18,26,30,37,54,62,66,73,90,101,105,109,113,126,130,138,151,162,174,177,181,198,202,210,216,226,232,236] 
[1,3,19,21,30,40,55,57,66,75,84,96,106,108,109,113,127,129,138,146,161,168,176,179,181,183,228,234,236] 
[1,3,55,56,62,66,91,101,105,110,117,127,128,161,173,179,181,185,204,217,230,235,236] 
[1,19,23,30,47,55,59,66,81,96,104,107,109,119,126,131,142,145,168,174,179,181,191,199,200,203,210,235,236] 
[1,35,41,59,66,67,71,75,91,101,108,109,118,127,135,144,147,162,172,178,180,181,184,207,210,232,235,236] 
[1,15,18,21,26,35,40,55,57,71,74,91,99,108,109,113,127,128,135,143,146,156,171,175,178,180,181,183,195,199,200,207,211,227,233,236] 
[1,19,20,25,30,42,54,56,61,65,66,68,80,96,103,110,114,126,128,138,139,144,151,160,168,170,176,177,180,181,186,197,198,199,200,210,212,230,236] 
[1,11,19,25,32,41,55,61,68,82,99,105,107,109,119,126,133,140,145,155,160,168,177,179,181,189,199,204,210,230,236] 
[1,30,37,71,75,90,99,105,108,109,115,138,147,162,168,174,180,181,187,205,210,211,230,235,236] 
[1,5,19,20,23,30,41,54,59,66,75,80,95,98,101,104,105,108,109,119,126,131,138,147,167,171,174,175,177,179,181,185,195,198,203,210,211,233,236] 
[1,7,13,19,25,30,31,35,36,37,41,49,55,61,66,71,74,97,101,105,108,109,113,119,127,131,138,143,146,169,174,177,180,181,185,193,198,205,210,211,235,236] 
[1,18,20,30,32,65,74,96,98,101,105,108,109,127,128,137,141,163,168,170,175,179,180,181,199,200,211,212,224,236] 
[1,12,18,19,21,27,30,37,48,54,56,62,66,69,72,75,81,97,102,105,108,109,126,127,132,134,138,141,144,147,153,171,176,179,181,187,192,194,198,200,204,206,210,211,213,229,236] 
[1,18,27,30,41,46,50,54,63,66,74,96,102,108,109,123,126,135,138,146,168,173,179,180,181,185,198,206,210,211,230,236] 
[1,35,41,63,71,73,100,103,107,109,119,145,153,163,169,177,181,185,199,200,230,236] 
[1,3,18,23,30,38,54,59,66,75,98,104,109,113,126,131,138,149,169,176,177,181,185,198,200,203,210,215,233,235,236] 
[1,5,19,21,24,36,39,48,55,57,63,66,68,69,79,90,102,108,109,110,117,127,132,144,151,162,172,179,181,185,199,200,203,221,230,235,236] 
[1,19,20,22,30,37,54,59,63,66,67,80,101,104,106,108,109,112,118,126,127,128,130,138,139,153,170,172,175,178,180,181,182,184,190,198,199,200,202,210,211,212,216,225,234,236] 
[1,15,19,26,30,39,51,55,58,66,69,91,99,106,109,112,127,130,135,138,163,170,177,179,181,184,199,202,211,213,231,236] 
[1,4,18,22,30,36,37,41,55,58,66,75,88,91,97,104,106,109,113,126,130,138,147,158,176,182,184,198,201,210,236] 
[1,2,19,21,35,38,55,57,71,75,88,101,107,108,109,111,122,127,129,138,160,169,176,181,183,199,201,210,230,235,236] 
[1,3,18,22,30,31,46,55,58,66,69,75,93,97,104,107,109,117,126,127,128,133,138,139,153,169,172,177,179,181,193,198,203,210,211,217,230,235,236] 
[1,19,20,30,36,38,55,56,66,74,84,95,99,100,107,109,110,127,128,133,138,146,154,170,176,182,199,200,210,211,235,236] 
[1,3,9,18,21,30,31,35,45,55,57,66,93,97,102,106,107,109,117,126,129,142,144,146,151,152,164,170,177,179,181,183,189,198,201,209,236] 
