[2,3,1] 
[2,5,66,79,91,103,121,126,134,140,169,173,195,208,210,212,219,222,226,228,229] 
[1,4,8,10,21,28,63,74,89,97,120,122,130,165,185,188,189,194,204,226,228,229] 
[1,5,6,9,16,21,30,36,45,49,58,65,68,75,87,93,98,118,128,138,143,151,158,162,164,167,178,191,192,197,201,202,203] 
[1,2,4,27,39,59,83,105,110,140,147,152,162,166,176,201,209,223,229] 
[1,33,43,59,72,80,88,105,116,128,142,155,177,191,195,198,203,205,209,220,225,229] 
[2,9,13,15,22,29,43,49,57,71,76,81,97,100,111,135,144,149,158,170,172,178,181,197,201,202,205,212,214,215] 
[1,38,65,98,110,120,142,184,192,193,207,220,227,228,229] 
[1,4,7,19,33,44,59,73,87,98,100,106,117,133,140,142,145,154,182,187,190,194,195,201,203,217,224,229] 
[2,28,41,46,79,87,115,123,135,156,174,186,187,188,192,193] 
[1,9,32,40,57,73,88,97,115,125,132,143,146,171,187,197,217,223,224,229] 
[1,2,9,10,22,25,40,53,63,66,72,75,86,98,101,106,108,114,119,144,146,149,154,162,169,179,185,187,196,197,198] 
[3,22,29,46,64,76,96,108,114,119,134,142,147,170,201,223,229] 
[61,74,78,95,99,117,127,141,146,148,168,185,191,198,204,223,224] 
[1,8,23,29,45,46,47,66,70,86,94,120,161,163,165,169,171,183,187,192,193,194,199,202,203,206] 
[1,2,5,16,21,31,57,82,87,91,96,120,128,157,168,181,192,203,206,211,219,229] 
[1,9,16,26,36,51,67,78,92,96,136,142,146,154,169,178,187,198,205,209,219,229] 
[1,3,4,8,11,14,16,33,35,50,51,59,69,76,80,86,91,93,101,108,110,115,117,119,127,130,147,154,157,158,160,164,166,167,168,174,177,185,192,197,198,200,201,205,206,207,208,210] 
[1,3,5,8,13,15,21,23,25,30,32,35,39,41,43,44,45,50,53,56,76,80,85,97,103,107,110,117,121,129,137,143,145,150,158,183,184,187,189,191,197,212,218,220,223,224,226,227,229] 
[2,8,98,105,136,157,163,194,207,211,213,224,229] 
[37,42,57,62,73,90,104,107,133,145,149,151,156,164,176,185,186,188,189,191] 
[1,52,70,84,93,113,127,178,186,222,229] 
[1,15,26,32,44,53,55,60,68,73,76,83,120,126,156,158] 
[1,4,8,11,15,19,28,30,32,35,39,43,60,67,72,82,88,92,98,113,143,146,149,160,165,178,181,183,191,194,195,200,212,215,217,218,223,229] 
[1,4,9,11,14,16,20,25,29,35,37,39,50,69,78,85,93,98,106,110,121,129,144,149,150,187,189,193,202,204,206,207,224,227,229] 
[1,2,4,15,23,25,28,40,43,45,48,49,51,62,71,73,82,84,92,110,113,124,126,130,135,138,147,151,160,165,173,178,180,184,186,189,198,205,206,211,212,213,217,218,220] 
[1,18,73,89,97,111,118,127,154,160,180,193,205,207,208,211,224,229] 
[1,5,8,27,30,45,55,67,76,89,93,105,155,162,176,180,183,188,216,221,225,227] 
[1,5,19,23,28,30,32,48,57,70,79,86,90,95,105,109,120,126,131,141,155,159,163,172,179,187,188,190,193,196,204,209,215,222,224,225,227,229] 
[3,8,10,13,29,31,43,46,62,67,74,84,96,101,107,113,120,122,130,133,145,147,162,171,176,188,195,196,201,204,205,206,209,211,223] 
[1,23,37,46,62,93,114,147,157,183,197,206,229] 
[1,16,37,41,53,59,66,77,83,101,114,130,146,159,183,190,193,197,202,218,229] 
[1,4,6,8,21,26,29,33,39,49,51,57,66,72,85,92,103,122,145,147,158,167,169,174,178,193,195,199,209,211,213,218,221,223,228,229] 
[1,29,42,58,71,98,114,120,125,132,153,159,162,163,167,171,187,190,195,198,200,205,208,210] 
[1,22,33,48,64,81,91,108,117,131,134,140,143,147,149,200,201,202,207,222,227,229] 
[1,6,8,11,33,35,38,45,48,62,74,85,96,97,99,127,146,150,170,175,188,189,191,192,195,196,198,205,212,224,227,228,229] 
[2,7,11,15,22,47,53,65,73,105,112,137,146,147,149,154,164,175,187,188,192,194] 
[1,88,97,110,123,127,141,145,147,153,158,168,172,201,210,214,218,225,229] 
[1,25,31,48,60,74,86,98,121,180,186,202,209,223,229] 
[7,9,20,29,39,47,50,54,65,98,105,118,122,129,149,155,194,196,201,206,211,216,223,229] 
[2,9,39,57,68,76,88,95,106,115,160,166,171,176,188,194,195,198,202,205,213,218,221] 
[2,4,59,77,87,101,133,191,196,198,199,201,207,212,222,229] 
[1,15,25,38,48,58,69,72,75,80,83,95,144,151,161,164,169,173,185,192,194,199,201,202] 
[1,2,6,35,51,67,84,93,106,118,132,137,141,151,158,163,186,189,196,201,206,209,210,223,229] 
[1,9,21,36,50,56,61,72,79,85,95,106,119,148,174,187,192,200,217,223,229] 
[1,5,7,10,21,30,31,34,47,49,75,81,96,97,116,120,137,144,146,164,168,171,183,187,188,189,193,205,213,227,229] 
[1,2,6,8,12,14,15,21,30,44,47,50,54,72,77,90,96,110,127,145,153,159,161,165,169,172,180,187,188,189,197,198,200,209,223,228,229] 
[2,59,79,92,104,186,193,208,210,216,229] 
[1,8,13,21,53,56,63,67,74,87,143,146,148,149,154,163,169,181,183,184,187,188,189] 
[1,63,70,78,91,100,168,180,191,196,207,223,226,229] 
[1,35,81,94,105,117,135,154,188,196,218,229] 
[1,19,35,69,74,88,96,104,108,127,135,146,149,155,176,189,203,223,228,229] 
[1,4,16,27,40,46,58,61,67,69,77,82,102,110,117,122,134,155,160,161,185,196,197,198,199,201,204,208,209] 
[1,75,80,83,86,109,112,134,136,151,155,161,191,202,206,212,225,229] 
[2,6,9,11,14,25,26,28,29,33,35,38,41,47,50,53,55,68,72,76,77,81,83,95,100,113,122,135,150,151,155,157,166,167,168,170,175,177,187,196,201,202,203,207,213,214,215,216] 
[1,5,7,22,28,43,50,61,74,88,127,136,144,157,167,170,177,187,196,200,204,226,228,229] 
[1,3,4,8,11,15,16,18,29,40,44,47,50,59,62,70,81,87,94,99,104,109,111,116,135,142,145,151,154,155,163,175,178,187,188,198,202,213,222,223,224,227,229] 
[1,15,22,33,48,54,74,83,91,94,98,105,114,119,124,130,135,145,147,157,161,172,179,187,197,198,199,204,207,216,224,229] 
[1,5,9,12,15,20,30,34,47,50,55,60,69,78,82,91,96,99,109,128,134,148,153,159,172,177,181,188,190,192,198,207,214,215,220,222,223] 
[1,20,31,42,58,72,83,96,97,108,160,166,170,178,181,188,191,200,214,216,217,224,225,227] 
[1,7,9,20,31,45,49,66,72,79,83,91,95,98,105,109,120,122,129,150,164,178,188,192,196,203,205,206,210,213,216,218,219,220] 
[1,3,66,80,94,105,114,126,158,163,183,197,209,213,219,229] 
