[1,2,3] 
[1,36,60,137,167,185,217,261,317,360] 
[1,3,9,13,18,29,31,47,66,71,79,81,82,85,92,93,103,105,117,121,128,139,141,152,158,181,187,189,200,235,241,250,259,262,271,275,287,291,296,304,306,318,320,330,333,343,346,359,360] 
[3,4,11,14,37,70,74,80,89,95,100,103,109,155,169,182,204,211,216,220,241,246,254,259,263,265,269,274,278,319,332,333,344,346,348,352,354,360] 
[1,12,33,57,73,81,86,92,98,107,129,158,169,195,214,218,237,245,263,281,287,318,336,341,345] 
[1,9,13,32,48,68,94,101,116,123,129,162,184,192,203,209,250,273,310,322,333,336,349,360] 
[1,2,11,27,45,68,72,76,79,81,96,109,110,111,116,118,127,130,136,139,145,148,172,180,183,208,217,221,223,224,231,233,241,251,253,258,260,263,266] 
[1,4,9,18,37,53,76,93,97,106,116,122,127,134,138,143,146,171,175,214,218,219,220,222,237,241,254,256,264,267,282,291,300,308,315,320,326,333,344,357,360] 
[11,49,79,99,105,146,156,208,232,246,277,283,308,322,324] 
[1,14,16,41,63,65,66,74,77,80,83,84,85,90,96,97,104,107,110,111,113,118,131,133,145,165,174,179,182,185,190,193,194,199,209,229,249,251,252,272,283,293,298,299,308,309,320,344,349,354,356,360] 
[1,9,15,69,72,73,78,82,83,92,96,98,102,103,105,106,111,114,121,126,127,130,132,134,135,136,174,181,194,198,199,200,202,203,211,212,216,222,228,230,231,237,241,243,244,249,253,255,262,266,272,294,308,312,326,329,342,343,348,353,359,360] 
[1,3,8,17,37,57,70,74,86,90,106,127,147,151,158,161,167,176,208,218,226,254,262,271,277,281,297,303] 
[1,6,10,55,60,78,84,94,99,106,111,164,173,208,240,253,262,268,276,319,330,331,359,360] 
[5,17,38,61,85,88,109,112,135,154,167,181,240,255,269,310,318,321,331,332,343,358,359,360] 
[1,7,12,60,63,73,75,84,88,97,98,106,108,112,121,123,127,160,171,179,230,236,245,249,257,260,265,279,286,293,297,300,337,343,345,347,348,357,358,360] 
[1,3,8,10,12,30,31,36,38,41,47,53,61,62,67,74,75,82,84,87,94,97,103,107,108,109,114,123,127,129,133,140,145,153,160,162,164,167,169,189,229,232,251,255,269,272,275,278,281,303,307,312,315,316,322,347,350,354,359] 
[1,10,14,24,25,52,64,70,74,78,84,91,97,103,108,112,117,152,156,158,166,168,174,179,182,188,195,204,209,213,224,229,232,254,266,306,307,330,331,333,353,354,359,360] 
[1,9,13,16,39,41,61,65,68,71,73,79,81,83,98,102,104,105,128,145,160,167,206,212,215,223,227,235,242,255,259,260,261,287,307,315,316,318,328,330,341,349,350,354,358,359,360] 
[2,11,49,94,192,231,235,265,307,313] 
[1,176,198,319,342,360] 
[1,4,16,45,50,61,63,74,87,89,97,102,108,119,127,132,137,153,161,167,186,201,204,205,210,219,226,231,241,255,269,291,298,329,337,351,357,359,360] 
[1,7,26,27,45,51,58,63,64,65,70,73,75,81,86,88,89,93,94,102,109,132,137,138,141,142,165,166,169,172,176,179,208,211,216,219,236,250,258,259,265,271,275,276,277,279,280,282,283,286,287,289,293,296] 
[1,2,8,18,45,65,71,109,113,142,163,171,177,216,225,267,279,307,329,341,342,353,355,360] 
[1,14,61,83,123,169,182,201,229,256,282,291,308,349,351,356,358,359,360] 
[1,12,51,60,65,69,78,84,89,101,105,118,144,167,197,206,224,229,236,246,253,262,282,294,300,306,345,350,354] 
[1,7,11,24,85,90,98,109,112,120,127,139,145,162,164,206,208,210,219,223,240,265,267,305,329,331,335,339,353,360] 
[1,9,33,53,76,96,105,110,130,154,167,168,198,206,226,253,265,284,308,312,313,321,329,342,346,348,349,351] 
[1,2,9,12,30,48,64,67,71,74,89,93,102,123,132,140,158,165,168,170,176,203,219,225,226,231,236,252,263,265,269,270,278,281,292,294,299,301,307,314,319,324,327,330] 
[1,7,14,79,83,101,105,160,166,193,246,255,289,300,304,313,314,344,348,358] 
[1,5,12,27,34,36,60,63,65,104,126,226,232,250,257,285,287,290,295,304,347,356,357,360] 
[1,13,54,61,65,69,72,73,78,82,87,90,91,93,97,99,100,103,108,111,113,115,119,146,148,152,153,157,164,170,174,182,185,192,196,202,204,213,215,223,234,251,254,262,289,299,300,301,311,312,313,315,318,319,325,327,330,331,334,335,336,345,348,355,357,359] 
[4,19,58,64,91,110,131,172,180,189,215,275,285,294,345,354,356,359,360] 
[1,7,13,30,58,60,65,70,77,81,87,101,105,115,146,162,195,217,241,249,266,281,290,314,335,340,344,349] 
[1,12,13,54,60,65,69,72,74,77,81,87,99,104,113,116,142,158,168,170,176,181,188,193,214,241,250,288,299,302,304,314,318,321,322,325,326,330,341,343,349,353,355,357] 
[1,2,12,51,54,87,94,117,120,129,142,146,174,217,226,229,231,265,277,280,288,290,313,318,322,326,327,332] 
[21,81,123,130,154,160,167,231,265,355,360] 
[1,2,3,8,12,25,44,63,69,82,86,125,128,145,151,166,173,178,184,189,198,200,214,241,247,253,265,266,271,277,280] 
[4,46,63,69,87,91,99,104,109,115,145,167,168,171,184,221,256,259,278,308,320,331,360] 
[1,12,52,60,64,68,76,82,90,94,102,108,131,150,163,176,177,208,243,264,273,296,312,316,329,331,341,343,345,354,359,360] 
[1,4,8,13,40,60,63,65,105,110,138,141,173,185,231,240,262,267,269,299,320,322,328,330,332,341,343,349,352,360] 
[1,13,22,80,98,115,129,168,169,183,190,195,208,214,226,254,258,262,263,265,267,269,289,291,296,298,300,304,312] 
[1,2,4,11,19,21,55,109,127,147,160,177,188,218,240,303,326,334,340,344,360] 
[1,4,10,11,13,21,24,47,49,50,53,59,61,69,76,80,81,88,89,96,142,152,156,163,167,170,180,185,202,212,215,227,237,253,255,264,266,276,278,285,287,293,297,307,310,315,318,319,322,326,332,333] 
[1,14,41,63,84,87,100,103,106,109,113,148,157,170,187,204,205,213,233,247,261,273,295,320,327,333,335,346,347,356,359,360] 
[1,2,12,19,48,67,98,105,110,132,136,137,149,164,187,205,208,215,228,232,245,282,291,298,314,326,360] 
[1,12,34,38,81,84,99,103,156,160,185,192,198,205,252,256,260,284,309,339,350,354,357,359] 
[1,12,31,55,61,63,84,88,96,114,132,137,147,184,218,220,228,232,243,270,277,278,287,288,296,311,313,318] 
[1,10,17,51,97,122,126,159,191,193,199,212,215,223,228,235,262,265,285,293,352,358,359,360] 
[1,2,6,11,13,22,24,32,35,51,55,58,61,69,76,87,92,104,112,113,121,125,140,158,160,164,175,183,195,205,213,230,237,248,260,263,264,272,274,282,286,301,316,317,318,326,329,330,338,339,341,350,355,358,359,360] 
[12,59,73,104,113,143,165,185,201,206,241,261,263,265,294,312,349,351,356,358] 
[1,2,9,13,21,23,56,77,93,99,109,146,171,180,186,190,197,202,208,219,242,257,264,301,321,322,331,340,343,349,358,359,360] 
[1,11,72,77,100,106,129,146,163,201,205,226,233,238,248,255,289,298,322,337,340,346] 
[1,12,39,69,83,98,104,126,203,214,243,254,298,327,344,349] 
[1,2,12,20,50,58,80,86,104,106,127,135,162,167,173,178,184,201,209,222,227,237,242,252,256,280,290,309,316,325,327,329,360] 
[1,7,12,54,60,66,75,77,78,82,83,86,91,94,102,104,107,109,114,117,121,147,167,175,181,184,194,196,206,208,217,220,244,257,274,279,282,311,331,339,341,348,349,358,360] 
[1,4,12,14,63,66,74,86,92,95,184,196,236,240,263,270,280,283,286,295,344,348,355,356] 
