[1,22,38,43,67,73,111,115,136,144,170,196,215,240,286,315,385,414,439,446,451,475,479,549,557,577,622,639,646,656,661] 
[1,61,71,77,127,141,143,169,172,184,239,282,339,350,364,385,413,451,477,480,488,492,501,535,639,661] 
[1,6,11,12,18,39,45,50,51,63,71,78,83,84,90,95,111,118,122,132,144,174,196,211,217,232,241,262,271,281,288,308,319,323,329,334,340,351,360,364,376,383,401,404,411,414,430,434,464,475,485,508,524,531,536,554,570,594,603,606,616,623,627,635,637,641,645,650,657,661] 
[1,9,13,24,38,45,60,66,72,80,87,96,109,131,141,144,148,189,196,215,239,262,282,299,302,312,317,336,365,381,417,421,432,445,468,480,489,493,502,525,529,530,532,535,562,579,584,604,609,618,638,645,658,661] 
[1,20,36,43,55,70,71,111,115,135,144,204,238,262,312,328,336,382,408,447,451,475,480,536,571,577,607,617,627,638,658,661] 
[1,4,5,12,24,27,37,42,49,50,64,83,84,96,99,109,115,118,122,141,143,150,170,172,213,237,262,283,290,293,308,311,315,317,329,336,340,360,366,381,410,419,420,432,441,453,515,528,530,539,548,570,573,584,591,594,598,608,615,626,629,636,656,661] 
[1,10,12,20,36,43,57,63,74,81,84,92,108,115,128,135,144,148,179,212,228,269,285,302,314,368,403,480,490,492,500,513,516,539,542,570,573,585,591,595,603,609,615,630,657,661] 
[1,9,11,12,21,39,43,63,69,71,81,83,84,96,110,118,141,143,144,170,172,196,214,227,239,276,293,304,312,325,347,360,367,381,385,401,431,446,453,483,489,491,492,502,519,527,532,550,582,591,606,616,637,645,656,661] 
[1,11,12,21,35,43,62,69,71,109,115,136,141,143,150,170,172,178,195,204,209,233,263,281,312,317,329,376,408,446,451,469,475,477,479,493,499,526,531,544,560,570,573,594,603,608,615,621,636,639,658,661] 
[1,64,72,133,140,144,148,168,199,215,233,276,340,356,365,383,409,469,493,499,520,527,532,570,616,639,645,658,661] 
[1,9,13,39,45,55,66,71,81,85,96,108,117,141,143,168,172,208,238,274,285,290,300,314,317,329,357,365,383,408,417,421,432,445,453,477,479,489,493,498,546,564,636,658,661] 
[22,39,48,62,66,72,80,104,111,120,134,145,152,168,196,215,220,239,262,276,288,291,311,319,324,331,348,366,384,416,440,447,454,472,480,487,495,502,513,520,527,532,542,563,567,608,615,636,657,661] 
[6,12,45,50,64,71,81,84,92,109,115,117,123,133,140,143,148,170,172,207,239,276,285,315,317,323,327,334,361,364,384,411,417,420,444,451,459,472,480,486,493,503,520,529,532,540,548,594,612,615,637,651,653,657,661] 
[1,27,35,38,60,69,71,99,111,115,141,143,146,169,195,212,233,245,261,312,317,325,328,358,364,373,385,409,417,420,432,443,446,471,478,479,504,516,519,528,566,584,589,608,612,621,638,656,661] 
[1,2,38,43,49,50,63,69,71,109,115,122,134,144,169,185,204,217,234,262,311,328,336,350,377,408,416,420,446,451,457,458,474,479,482,493,509,528,533,542,564,579,588,595,635,645,658,661] 
[1,10,13,19,28,33,37,43,49,50,61,69,72,110,115,117,121,122,140,141,143,152,157,160,168,170,172,183,213,226,236,273,312,319,325,329,337,351,357,364,370,381,408,445,451,475,477,480,489,493,497,517,528,532,538,549,564,585,591,596,610,616,625,627,636,658,659,661] 
[1,22,37,43,50,66,69,71,76,80,85,117,122,139,142,143,148,169,172,196,215,233,263,298,312,316,317,374,409,445,451,453,458,471,483,488,493,504,517,522,526,532,539,542,549,565,593,603,607,615,645,654,661] 
[1,3,9,13,15,21,37,43,49,50,60,67,75,94,100,104,109,115,120,122,131,138,148,152,169,172,186,195,213,236,262,282,287,297,312,317,348,365,381,416,423,429,435,454,459,472,477,483,502,507,524,527,531,548,561,564,566,594,597,603,607,620,636,651,654,656,661] 
[1,17,36,45,51,61,69,71,108,115,136,144,148,170,172,178,196,204,213,218,238,276,311,341,356,364,383,410,444,472,481,504,516,527,532,561,570,608,615,636,654,661] 
[1,10,12,63,67,72,82,85,115,123,138,141,143,168,172,189,195,204,213,222,260,297,313,318,359,408,474,478,480,489,493,502,508,527,532,540,544,563,566,638,656,661] 
[1,63,69,71,141,143,168,200,213,244,275,315,318,343,380,408,470,480,573,608,637,661] 
[1,2,36,43,66,69,71,78,83,84,104,108,118,122,133,139,144,148,169,181,209,216,282,287,312,340,355,360,377,409,419,420,444,475,479,486,493,523,531,570,603,608,621,639,655,661] 
[1,39,42,67,72,95,109,136,141,144,148,161,169,197,213,239,259,283,288,311,346,365,383,398,431,445,453,476,480,503,520,525,532,549,615,637,655,660,661] 
[1,21,38,45,67,71,112,115,145,170,172,195,214,226,239,282,325,347,381,385,401,431,446,454,483,502,517,526,532,550,582,591,606,616,638,645,658,661] 
[1,57,76,120,148,169,239,263,311,364,377,409,446,465,483,548,639,656,661] 
[18,36,43,66,73,109,115,144,213,232,282,315,317,348,376,409,445,451,493,539,548,570,574,584,591,608,620,637,657,661] 
[1,39,42,67,72,111,115,150,168,196,215,239,260,298,315,318,381,415,446,450,475,480,529,530,546,569,580,637,658,661] 
[1,10,13,21,38,43,67,72,81,85,93,109,115,136,142,143,148,158,168,196,215,239,260,297,315,318,330,345,364,381,416,446,450,453,462,475,480,488,493,502,529,530,546,569,580,612,616,637,658,659,661] 
[1,20,36,45,50,61,72,92,108,114,132,145,180,195,213,222,237,280,310,341,360,365,381,408,414,420,428,444,453,469,481,528,547,584,618,636,644,661] 
[1,66,72,143,170,183,274,319,408,615,636,656,661] 
[1,20,36,43,85,115,144,169,195,213,232,259,281,347,360,376,408,444,451,493,500,531,546,563,627,638,657,661] 
[1,16,23,39,43,65,76,111,115,136,144,169,212,239,263,277,289,297,313,319,343,364,382,411,474,482,496,503,542,563,566,570,592,638,657,660,661] 
[1,24,28,38,46,67,74,109,118,131,142,143,150,213,240,276,314,319,329,351,358,380,417,447,453,472,481,489,532,544,558,566,591,639,647,658,661] 
[1,7,36,43,66,71,108,115,136,143,149,168,193,213,226,238,262,311,370,381,410,451,474,479,489,492,517,549,565,616,635,656,661] 
[1,39,45,50,103,111,115,152,168,182,244,257,315,317,370,413,501,548,608,616,639,656,661] 
[11,12,21,37,43,50,63,73,102,109,115,122,169,172,213,240,282,288,311,315,317,343,365,382,408,458,471,481,527,531,548,563,566,636,661] 
[1,3,9,39,43,76,81,85,111,115,122,136,141,143,209,232,261,315,318,342,354,382,408,411,417,421,430,436,475,479,490,493,502,508,528,532,539,544,549,555,563,568,570,578,596,636,657,661] 
[1,46,67,73,111,118,138,144,152,192,199,214,226,237,263,312,323,344,372,381,417,454,465,471,481,487,493,498,520,527,531,548,594,602,617,638,644,657,661] 
[1,10,12,21,24,25,34,36,39,49,50,69,71,74,82,84,93,107,108,121,122,136,140,141,143,149,169,172,192,195,215,240,263,266,275,286,287,315,317,357,370,371,385,418,420,429,447,457,458,477,479,482,490,492,502,532,539,541,604,608,616,637,649,658,659,661] 
[1,24,39,45,54,65,73,93,108,117,141,143,168,196,215,221,236,262,282,290,312,315,317,360,362,380,408,417,447,451,473,480,499,548,557,567,607,616,639,656,660] 
[1,39,48,69,71,111,120,148,169,208,229,236,263,286,382,410,435,456,495,513,528,530,544,566,620,648,657,661] 
[1,28,44,76,118,141,143,149,169,182,273,312,317,325,341,357,366,408,454,516,527,531,570,574,593,600,631,654,661] 
[1,22,40,42,66,74,96,112,115,148,169,197,212,238,276,312,377,388,418,432,448,451,474,482,501,520,525,535,563,566,637,650,657,661] 
[1,11,12,19,37,43,66,70,71,94,109,115,135,144,152,170,196,215,237,315,348,366,381,410,427,445,451,474,477,479,501,526,531,564,604,639,657,661] 
[1,11,13,59,70,71,132,141,143,144,149,163,168,190,196,215,240,263,265,284,289,299,303,315,317,324,330,348,356,385,418,467,477,481,491,493,502,527,532,550,580,584,604,608,616,637,656,661] 
[1,39,43,60,67,72,111,117,134,141,143,152,170,172,196,208,238,275,312,365,382,409,447,453,467,477,479,528,544,636,658,661] 
[1,22,37,45,66,71,81,85,93,109,138,143,168,176,240,275,289,298,315,317,360,367,384,408,445,474,479,488,493,502,517,526,533,560,566,611,615,636,661] 
[39,43,64,72,111,115,135,144,148,169,196,217,234,281,333,364,384,410,446,451,471,480,498,517,549,566,628,645,656,661] 
[24,38,45,60,72,96,109,131,141,144,148,189,196,215,238,262,283,308,311,336,365,381,408,467,480,509,536,563,579,584,604,609,647,655,661] 
[1,39,43,67,70,71,111,115,144,168,196,213,236,262,300,380,409,451,475,480,548,570,616,638,658,661] 
[1,43,65,74,111,115,141,143,238,275,285,288,298,311,315,319,324,331,336,366,376,408,447,451,459,473,483,486,493,501,506,529,530,545,594,613,615,638,657,661] 
