[1,26,33,64,66,74,98,101,130,132,133,135,143,230,240,241,248,260,275,304,306,308,313,400,415,426,427,435,437,440,441,446,458,469,483,485,490,491,493,515,527,538,543,557,565,583,602,609,610,612] 
[1,14,20,30,55,65,70,96,118,131,135,226,243,258,265,270,296,305,308,400,416,440,444,456,482,515,561,589,609,610,612] 
[1,7,12,20,32,58,65,66,67,77,86,92,96,100,122,130,136,172,202,208,228,234,240,242,252,258,272,298,304,305,309,313,369,402,418,425,427,430,442,444,458,470,491,504,512,515,565,571,612] 
[1,9,16,19,31,55,64,66,67,72,78,85,97,128,132,137,143,236,246,271,302,308,416,424,431,440,445,457,481,491,495,510,539,543,551,557,564,569,584,587,590,612] 
[1,10,14,17,20,23,29,56,66,67,77,84,95,122,131,132,133,153,177,201,214,235,254,257,260,263,269,294,303,309,376,417,431,436,440,443,446,449,455,480,488,491,493,501,521,549,563,574,578,586,591,601,608,612] 
[1,5,7,11,14,19,23,25,32,57,59,63,64,65,66,67,73,77,85,99,119,122,126,129,135,185,188,215,236,241,245,247,250,259,271,290,296,301,302,305,310,334,350,382,390,409,416,421,427,433,437,440,444,446,459,479,483,485,488,498,505,510,525,542,562,569,597,609,610,611,612] 
[5,12,14,17,25,32,49,64,70,79,81,83,95,122,130,132,134,147,202,234,239,243,248,253,254,257,269,304,309,381,398,424,430,439,445,455,492,515,561,594,609,612] 
[1,12,15,17,31,36,56,64,66,67,68,80,83,95,103,118,130,131,136,158,180,207,233,244,254,257,262,265,269,276,292,305,309,330,364,378,392,409,422,429,449,451,455,483,491,501,526,540,562,578,587,592,600,612] 
[1,33,65,66,82,87,99,132,133,226,235,243,261,266,273,305,308,405,418,429,447,449,459,491,527,556,586,599,612] 
[1,12,17,20,23,26,29,41,54,59,61,66,67,77,84,98,104,119,127,131,135,144,148,154,174,179,183,189,196,202,209,223,234,240,241,254,258,263,270,281,295,299,301,304,308,323,328,335,341,347,353,382,388,403,424,426,427,440,443,447,456,467,479,485,491,495,502,509,514,520,549,564,566,573,578,587,593,599,605,606,607,609,612] 
[1,34,64,66,69,86,100,131,133,229,243,260,274,304,309,415,430,446,460,488,513,539,565,599,611,612] 
[1,15,17,22,25,26,29,31,37,42,56,64,66,67,71,79,80,83,88,91,95,108,119,131,137,185,201,215,228,249,251,255,257,269,304,306,307,310,329,332,397,405,424,457,482,491,493,511,561,564,593,609,612] 
[1,3,13,18,43,51,64,69,73,76,79,84,95,113,115,130,131,134,142,146,156,160,180,182,204,208,216,221,225,229,232,241,243,253,257,265,270,304,308,309,317,320,330,333,354,356,378,380,389,400,426,428,440,443,448,455,546,594,603,612] 
[1,33,41,53,59,62,66,67,85,89,92,98,110,123,125,131,134,217,230,240,241,247,263,271,287,297,298,299,306,308,328,330,341,346,356,404,424,427,437,446,449,451,459,483,484,485,521,530,536,548,553,579,604,612] 
[1,19,52,132,228,243,249,258,296,303,401,429,433,443,482,485,492,513,542,555,559,567,579,586,593,609,610,612] 
[1,7,15,19,26,31,64,66,67,74,78,80,83,85,91,97,130,132,134,158,223,254,259,263,270,273,297,304,306,309,331,349,379,424,426,427,434,437,440,443,445,449,457,491,496,503,511,521,542,560,593,612] 
[1,14,19,23,33,57,59,64,89,90,97,123,125,130,132,135,173,177,226,238,241,259,274,304,322,351,361,400,425,430,449,450,459,491,516,537,542,588,611,612] 
[1,14,19,31,64,70,74,98,101,121,130,132,133,143,158,178,189,197,206,233,243,254,266,271,295,303,305,309,350,357,399,410,420,426,427,455,460,479,485,488,491,496,527,539,548,556,560,571,579,592,599,608,612] 
[1,3,12,15,17,31,57,64,66,67,81,83,98,116,129,135,235,243,254,257,272,297,304,311,399,437,442,443,455,483,491,495,513,562,593,612] 
[1,3,12,15,17,32,57,64,66,67,81,83,95,100,116,129,135,236,243,252,255,257,266,274,297,304,311,399,437,442,443,455,460,483,491,495,513,563,593,612] 
[1,11,18,23,30,44,56,64,66,67,70,77,81,85,89,91,96,123,126,130,132,133,141,235,240,241,247,252,258,270,304,310,420,424,429,445,449,451,456,491,495,497,515,528,533,548,599,612] 
[1,20,35,64,66,67,79,83,89,100,118,130,135,163,234,253,259,275,293,304,308,333,412,439,443,461,479,491,493,513,563,588,609,610,612] 
[1,2,15,19,23,25,31,54,62,66,67,72,81,84,89,91,96,121,131,132,134,146,218,236,240,241,255,265,270,295,305,306,308,317,382,418,426,427,428,435,441,446,449,451,458,492,521,563,599,612] 
[1,31,55,66,67,84,89,96,120,130,135,224,239,244,271,295,305,308,408,426,430,444,449,455,465,481,491,494,511,549,567,584,592,612] 
[1,4,14,18,22,25,31,56,64,66,67,80,84,89,91,96,113,122,130,132,133,229,244,254,258,264,265,271,298,304,306,308,313,406,444,450,451,457,469,484,520,566,572,597,609,610,612] 
[1,11,17,25,29,52,57,59,64,66,67,69,79,83,91,97,122,132,133,237,240,241,257,272,293,304,307,308,402,417,424,426,427,445,452,455,480,504,509,515,550,556,562,567,571,573,593,608,612] 
[1,12,18,23,25,30,55,65,66,67,84,89,96,117,132,133,136,228,234,238,240,241,258,263,265,272,296,305,309,408,423,433,437,444,449,451,456,482,493,527,537,593,609,612] 
[1,15,17,20,26,29,32,52,63,66,67,69,80,83,92,95,101,118,123,125,129,134,237,241,255,257,263,267,269,273,294,304,309,420,430,436,441,444,452,455,458,462,481,485,522,536,553,562,567,586,590,600,612] 
[1,14,19,33,55,63,66,67,70,80,85,89,97,109,119,129,132,134,139,208,212,236,244,254,259,273,294,303,308,332,421,426,430,440,445,449,457,464,479,488,492,493,525,549,563,567,572,579,584,594,600,609,610,612] 
[1,13,18,23,26,32,57,60,64,66,67,79,84,98,123,126,130,132,134,135,200,208,230,234,245,253,258,263,270,304,306,308,376,422,446,449,456,482,491,492,493,504,510,515,537,550,583,609,610,612] 
[1,34,57,66,67,79,86,100,122,131,135,154,185,202,234,272,283,294,304,310,335,402,458,484,495,522,536,543,587,590,603,612] 
[1,4,6,10,15,18,23,25,30,54,64,66,67,70,81,84,89,91,96,122,130,132,133,182,203,228,236,244,255,258,263,265,270,296,304,306,308,402,419,436,440,444,449,451,467,480,491,495,506,512,541,578,599,612] 
[1,6,26,32,39,44,66,73,90,98,105,110,132,137,155,172,175,182,237,240,243,260,263,272,278,284,305,309,332,353,380,411,422,425,429,433,441,446,460,491,527,562,567,586,599,612] 
[1,7,11,18,23,27,34,48,55,62,66,67,69,72,73,86,89,93,98,114,121,126,129,132,133,135,231,238,243,246,247,251,255,260,264,266,272,290,297,300,302,305,307,420,424,429,431,433,437,446,449,453,458,483,486,491,495,512,566,593,612] 
