[1,3,61,80,92,102,120,124,132,143,149,155,192,218,228,243,246,247] 
[1,3,23,30,50,54,61,64,66,73,78,85,90,108,121,124,140,151,203,211,217,223,228,235,241,247] 
[1,3,13,49,54,61,66,73,91,109,110,120,123,127,129,132,145,147,148,151,205,210,217,222,228,235,241,247] 
[1,23,25,26,37,47,66,72,90,109,120,123,144,146,148,153,193,195,203,221,228,234,243,247] 
[1,3,23,30,47,50,54,61,66,73,78,85,89,108,121,124,139,148,153,203,210,217,221,228,235,241,247] 
[1,3,24,33,48,54,60,66,73,78,90,109,120,122,147,148,153,198,204,210,219,222,228,241,245,246,247] 
[1,23,26,41,59,61,66,73,77,85,90,96,105,131,140,144,151,152,160,173,199,212,217,222,228,233,241,247] 
[1,49,55,73,78,96,101,106,117,120,123,131,139,144,147,148,151,155,168,176,203,206,210,228,235,241,247] 
[1,47,52,72,88,109,121,123,128,143,146,148,152,193,212,220,228,243,247] 
[1,21,48,61,65,73,77,91,127,151,182,200,217,221,229,234,241,247] 
[1,3,20,47,62,67,72,79,85,98,119,121,123,124,144,153,159,201,206,218,242,247] 
[1,2,47,54,55,66,67,73,77,88,120,123,132,153,193,209,216,222,223,228,247] 
[1,3,49,54,72,78,85,90,96,104,121,124,133,147,148,168,171,179,200,203,210,228,241,247] 
[1,60,64,73,76,90,95,98,117,121,123,130,134,137,143,151,202,222,224,227,232,242,247] 
[1,9,20,33,43,73,78,97,106,117,121,130,134,140,153,167,176,189,208,229,234,241,247] 
[1,2,15,25,27,31,37,39,44,47,54,73,78,85,90,93,96,100,106,116,119,121,123,143,148,151,181,183,191,195,203,210,217,222,228,234,241,244,247] 
[1,3,23,30,45,47,50,54,66,72,78,85,89,109,113,114,120,124,132,138,139,146,151,203,211,229,233,242,247] 
[1,3,49,54,72,78,90,105,120,123,140,154,206,209,228,234,242,247] 
[1,49,52,72,78,85,110,121,123,133,144,148,152,156,205,210,217,228,232,246,247] 
[1,49,69,72,87,90,107,121,123,127,153,205,226,228,245,247] 
[2,72,73,76,90,95,109,144,155,202,228,229,232,242,247] 
[1,3,41,66,71,90,95,110,112,121,123,129,131,146,149,197,210,211,222,228,243,247] 
[1,17,20,23,26,29,41,44,47,52,72,78,88,95,100,109,116,120,123,140,146,148,151,173,176,179,182,193,197,200,203,208,227,232,241,247] 
[1,24,33,42,54,73,74,78,86,90,121,123,127,136,140,147,149,181,205,210,218,222,228,234,242,247] 
[1,3,50,64,71,89,94,104,120,122,123,143,152,155,206,229,232,241,247] 
[1,110,121,123,131,134,139,146,148,150,203,245,247] 
[1,37,45,73,76,86,109,111,120,123,139,147,148,150,155,205,228,241,246,247] 
[1,37,47,73,79,95,103,112,122,132,136,144,151,155,200,229,237,242,247] 
[1,4,13,21,37,50,54,73,78,104,117,144,153,157,170,177,194,206,210,228,234,243,247] 
[1,2,20,31,37,44,48,51,54,73,78,86,90,108,132,139,143,147,148,153,189,193,201,205,207,210,217,222,229,234,242,247] 
[1,2,20,23,27,36,44,47,72,77,93,97,121,122,123,132,139,144,149,153,168,175,180,184,192,200,204,208,214,228,232,242,247] 
[1,3,20,37,44,49,55,66,72,90,111,120,121,123,127,130,134,144,146,151,154,184,206,222,228,243,247] 
[1,3,13,14,49,54,61,66,72,78,85,90,103,121,123,131,136,142,144,145,150,152,168,176,192,205,211,217,222,227,235,241,247] 
