[1,6,17,36,37,49,60,80,82,93,99,111,128,163,169,191,204,227,255,276,294,299,302,316,320,323,325,338,348,368,370,392,413,414,415,416,417] 
[5,14,21,35,39,45,60,70,80,81,82,95,101,134,144,149,155,182,198,227,232,256,270,291,299,301,309,323,327,333,347,368,369,370,389,413,414,417] 
[5,13,35,37,43,60,78,80,81,82,93,115,122,143,147,163,206,222,254,269,285,290,293,301,319,325,366,368,369,370,379,389,401,413,417] 
[1,5,26,34,45,80,82,88,153,180,224,242,272,284,290,314,320,333,366,368,370,376,391,397,401,408,410,416,417] 
[1,36,37,59,80,83,91,98,134,147,168,194,226,242,270,293,301,319,325,356,368,370,389,407,416,417] 
[1,3,14,22,35,46,60,96,99,120,189,226,236,273,292,302,311,323,333,348,366,376,390,402,414,417] 
[1,14,59,80,99,142,156,217,227,257,276,293,301,323,332,348,376,390,413,417] 
[1,5,11,13,26,34,45,51,60,67,80,89,111,115,121,163,168,190,194,228,236,254,276,284,289,292,301,314,323,327,338,347,361,391,406,417] 
[1,2,11,14,35,45,59,78,80,82,89,96,97,115,121,143,147,164,169,201,238,248,254,269,290,292,294,295,296,302,323,325,333,348,366,369,370,382,395,408,409,412,414,417] 
[3,8,15,22,35,39,46,57,206,225,233,273,281,290,310,323,327,347,368,370,402,413,416,417] 
[5,14,21,35,45,59,80,81,82,107,134,155,182,198,227,233,256,270,291,303,323,327,348,368,370,388,414,417] 
[1,2,5,15,29,36,37,44,59,65,74,80,82,93,98,111,121,129,142,152,163,168,183,192,206,216,227,248,265,276,290,304,323,325,331,348,351,368,369,370,387,413,416,417] 
[1,8,11,14,25,36,38,47,59,92,114,121,135,144,163,169,183,199,228,247,276,284,287,303,313,323,326,336,346,368,369,392,408,414,415,416,417] 
[1,2,15,35,45,60,79,82,89,93,96,97,161,166,192,206,228,249,276,293,302,309,320,333,348,368,369,370,388,404,416,417] 
[5,14,19,30,36,37,43,58,80,83,95,99,113,120,140,150,162,168,206,227,236,238,245,254,276,283,285,288,302,307,323,324,325,331,346,367,368,370,404,411,416,417] 
[1,6,15,36,39,72,80,82,91,99,142,147,206,227,238,242,255,275,289,303,324,327,347,367,368,370,371,389,403,413,415,416,417] 
[1,13,35,37,59,63,80,82,90,105,143,147,204,225,252,273,283,284,287,301,323,325,346,368,369,370,395,399,407,409,413,417] 
[1,5,13,76,81,82,89,105,141,159,202,227,250,276,281,291,302,347,368,370,391,413,417] 
[1,19,35,37,44,57,64,69,70,74,80,82,85,92,98,115,121,206,228,230,254,276,288,296,299,301,323,326,345,368,370,373,395,397,406,408,415,416,417] 
[1,21,36,45,58,80,82,92,105,122,130,143,153,169,178,195,226,231,270,279,289,292,303,309,318,324,333,346,357,365,368,369,374,387,394,410,416,417] 
[1,7,15,32,36,37,45,59,71,80,82,92,101,143,155,168,194,227,236,261,276,283,284,288,295,303,324,327,360,368,370,374,390,403,410,416,417] 
[1,16,46,59,78,81,92,139,153,189,228,234,252,276,287,304,334,345,368,369,385,408,416,417] 
[1,2,14,35,40,60,105,142,153,191,216,227,263,275,293,299,301,323,328,347,373,390,412,416,417] 
[1,5,16,35,40,60,64,80,82,96,99,207,226,255,274,284,293,304,309,318,333,348,352,376,393,412,417] 
[1,21,35,40,59,80,82,92,101,113,119,135,144,161,169,183,206,222,228,233,238,242,254,275,281,288,304,323,328,334,347,358,362,368,369,370,372,390,399,407,413,417] 
[1,5,15,36,38,45,59,81,82,89,95,97,166,186,228,248,270,288,299,302,309,324,327,333,347,390,397,413,417] 
[1,5,14,45,59,67,80,99,155,207,226,245,274,289,302,337,345,368,373,395,412,417] 
[1,15,28,35,43,61,64,80,82,90,105,121,144,147,190,194,205,227,252,276,291,299,302,310,323,328,368,370,392,402,413,414,415,416,417] 
[19,35,44,58,96,99,161,168,206,228,233,253,276,284,290,301,314,323,331,346,368,369,370,395,413,416,417] 
[1,5,13,36,37,44,59,64,74,80,81,82,89,96,97,105,107,111,121,143,147,159,168,183,206,227,249,276,278,284,288,291,302,324,325,333,346,368,369,370,391,402,408,409,413,417] 
[1,5,13,35,38,59,63,80,82,93,96,97,102,142,151,205,222,236,239,243,254,270,281,290,301,324,325,327,346,368,370,391,408,413,416,417] 
[1,11,13,36,38,45,59,80,81,82,93,96,97,195,221,224,227,230,243,256,270,272,275,278,287,299,301,324,326,335,345,368,370,375,392,406,414,416,417] 
[1,5,13,36,37,45,57,80,82,95,99,120,129,142,153,168,177,201,226,248,275,284,290,299,301,323,325,348,368,369,402,413,416,417] 
[1,11,13,31,38,57,81,82,92,96,97,138,147,164,168,179,188,192,194,202,205,208,217,222,224,227,238,242,275,284,287,302,324,325,345,357,368,370,374,376,395,416,417] 
[11,14,36,38,57,79,81,82,96,99,207,228,230,239,241,274,283,285,288,299,302,324,326,345,374,394,399,406,408,409,410,414,417] 
[13,36,37,59,80,82,91,99,134,147,168,194,226,242,270,293,301,319,325,353,368,370,391,414,415,416,417] 
[1,4,11,13,21,26,32,40,45,62,80,81,82,93,99,115,120,153,168,185,221,227,238,241,270,292,299,301,320,324,325,333,351,365,368,369,375,384,395,397,401,407,410,413,414,415,416,417] 
[1,6,20,35,43,49,56,60,67,79,80,82,93,103,139,144,155,168,177,192,199,205,228,230,239,246,253,276,285,290,294,307,313,323,331,337,342,348,351,361,362,367,368,369,379,392,407,410,414,417] 
[1,16,36,37,49,60,67,96,97,162,169,188,209,222,233,238,253,276,285,288,309,318,324,325,332,348,352,368,370,379,384,406,414,416,417] 
[1,15,36,39,60,63,80,82,92,99,204,228,243,276,283,284,289,302,315,324,327,348,368,369,392,408,410,414,416,417] 
[1,19,35,45,59,74,84,91,96,97,155,204,228,247,275,292,304,322,331,347,362,373,390,408,416,417] 
[1,13,21,35,38,49,60,80,81,82,92,99,111,120,136,142,147,159,168,200,226,242,254,276,291,302,309,323,325,333,348,369,370,396,409,413,417] 
[1,15,36,37,44,60,81,82,96,97,121,163,168,198,227,246,276,287,304,324,325,332,348,368,370,395,412,416,417] 
[1,15,31,40,60,79,82,93,99,142,147,192,194,205,221,248,270,291,302,323,327,344,367,370,390,403,407,415,416,417] 
[1,50,59,80,82,89,115,119,163,168,198,225,249,276,296,301,323,326,338,348,368,370,393,413,416,417] 
[1,5,14,21,35,38,49,60,80,82,89,99,144,147,159,168,188,209,221,245,270,289,293,302,309,323,327,348,368,369,370,376,393,408,417] 
[1,16,32,40,58,77,82,89,105,120,132,143,153,168,180,198,226,237,245,252,274,290,304,320,331,345,361,369,370,382,401,413,416] 
[1,5,14,45,60,69,90,99,142,159,206,227,254,275,291,302,348,373,390,410,416,417] 
[1,9,21,30,45,61,101,140,149,161,167,208,227,256,276,289,296,303,324,332,350,376,393,413,416,417] 
[1,5,14,33,38,57,80,82,92,99,111,142,147,204,222,238,246,270,284,287,293,301,323,325,342,368,369,375,394,408,416,417] 
[8,15,35,37,50,59,80,82,92,103,111,121,158,189,205,227,253,272,296,302,324,325,338,347,368,370,394,413,416,417] 
[1,11,13,35,37,43,57,60,67,80,81,82,88,94,97,105,120,135,140,153,169,177,206,226,242,254,275,283,293,299,301,323,325,347,355,368,370,392,414,417] 
[1,6,13,49,59,80,82,91,96,97,115,119,163,167,194,206,227,249,276,293,302,334,347,368,370,392,412,416,417] 
[1,6,13,45,59,79,82,92,96,97,137,144,145,163,167,180,189,194,206,227,238,242,257,270,273,284,290,294,301,323,327,334,347,367,368,369,374,393,402,413,414,415,417] 
[1,8,13,19,35,41,59,77,82,93,96,97,102,142,150,198,221,245,269,287,294,302,307,324,331,347,353,368,370,390,402,413,416,417] 
