[1,14,25,57,95,100,112,125,154,172,182,190,192,194,210,211,214,217,219,229,239,311,321,332,379,390,415,416,417] 
[2,28,49,53,67,71,91,94,100,119,123,127,142,146,159,176,191,199,215,220,224,238,244,264,275,287,306,309,316,324,332,338,351,367,374,377,389,395,404,413,416,417] 
[1,2,7,9,17,26,32,66,72,90,97,122,129,140,158,165,181,191,199,212,215,218,230,239,282,286,308,333,339,369,375,389,393,410,413,416,417] 
[1,2,53,91,97,103,122,137,149,163,175,190,195,203,212,215,217,229,239,266,305,306,313,320,330,375,385,414,416,417] 
[1,2,25,45,84,95,111,120,124,138,148,159,169,174,183,193,203,210,212,220,230,242,260,286,312,327,341,377,379,411,415,417] 
[1,2,24,34,50,91,106,121,134,148,166,172,188,192,211,217,223,240,306,338,378,389,407,416,417] 
[1,19,38,91,95,99,109,122,139,151,167,175,190,194,196,205,213,218,236,248,305,318,330,368,374,377,383,408,417] 
[2,18,31,65,97,100,106,158,175,184,192,204,214,219,243,290,306,332,378,386,403,411,415,417] 
[14,26,51,93,105,131,158,190,212,221,240,311,338,379,390,412,416,417] 
[2,9,23,26,45,95,99,105,111,113,135,148,155,167,172,184,192,214,217,223,235,244,312,324,332,338,378,384,391,406,411,416,417] 
[2,20,45,95,102,125,192,196,212,217,237,260,307,335,378,379,383,407,417] 
[1,2,12,26,67,78,90,95,100,123,133,140,147,158,193,214,219,237,249,306,319,335,378,387,409,413,416,417] 
[1,9,18,47,59,63,72,81,94,95,100,120,124,137,147,161,168,172,185,192,193,196,212,215,217,223,236,260,264,273,288,305,333,351,365,378,388,413,417] 
[1,2,14,32,96,108,109,119,122,164,169,191,212,218,229,230,242,294,324,332,378,390,414,417] 
[1,26,49,51,76,94,120,122,146,158,165,183,193,196,205,212,218,229,237,242,248,265,266,312,338,377,380,381,389,403,413,415,416,417] 
[2,42,94,215,219,256,334,377,411,416,417] 
[1,9,23,34,41,95,100,140,149,151,158,168,172,179,183,190,198,215,218,240,304,309,319,333,366,377,386,402,413,416,417] 
[1,24,32,34,38,44,94,95,100,120,133,139,146,161,191,192,196,215,217,220,240,260,311,317,338,377,378,379,386,399,406,415,416,417] 
[1,24,45,95,100,114,121,135,138,147,159,167,192,215,218,242,261,313,319,324,333,368,378,386,410,416,417] 
[2,94,137,159,168,172,191,213,218,229,239,309,338,379,391,400,413,415,416,417] 
[1,2,24,92,110,128,153,190,203,215,218,223,238,239,260,309,329,377,387,400,413,414,416,417] 
[1,11,13,23,75,81,95,100,120,124,141,147,160,166,185,191,213,218,229,240,258,306,345,378,390,401,409,416,417] 
[2,22,24,44,94,107,111,113,158,175,182,191,214,217,229,260,307,332,377,378,401,413,415,416,417] 
[1,14,94,97,99,133,136,140,149,160,179,185,191,199,206,214,217,223,241,307,333,380,390,391,401,411,415,417] 
[1,11,14,26,84,94,100,109,112,120,131,136,140,149,151,156,159,180,183,192,196,200,209,215,218,229,242,265,273,307,333,365,374,378,379,388,391,392,397,400,406,416,417] 
[1,17,49,50,91,97,103,108,112,122,149,158,175,190,195,203,212,216,217,228,239,266,313,320,333,370,378,379,384,413,416,417] 
[1,8,13,19,21,28,48,54,59,68,73,83,92,97,111,125,139,147,158,174,182,190,193,196,213,218,228,263,307,330,378,379,384,390,391,396,411,413,417] 
[1,10,14,22,23,95,100,108,109,119,122,131,133,159,168,170,191,196,213,215,218,230,248,312,316,338,368,378,400,415,417] 
[1,2,11,14,22,28,94,100,119,122,137,147,153,160,177,183,190,192,193,196,212,214,218,247,310,316,332,377,387,401,411,416,417] 
[1,6,9,18,21,26,38,49,51,72,95,97,99,109,128,141,142,145,159,169,181,185,191,202,214,218,229,231,237,242,253,304,309,316,321,327,338,379,380,383,395,411,416,417] 
[1,3,12,15,24,39,45,92,111,130,138,148,158,162,181,188,192,196,214,218,224,237,261,307,327,338,378,389,402,417] 
[1,18,22,26,92,97,99,108,111,124,143,146,158,190,192,202,212,222,231,242,261,309,332,377,378,389,396,403,413,416,417] 
[4,9,21,28,32,49,51,77,95,97,99,105,124,156,159,179,183,190,215,217,221,238,242,245,260,331,334,345,375,387,400,413,415,416,417] 
[1,26,93,104,121,139,148,191,200,214,225,240,339,362,372,377,416,417] 
[1,2,10,14,21,25,51,92,128,147,158,172,186,191,203,215,218,227,230,238,242,255,306,332,377,385,390,392,399,410,416,417] 
