[1,4,22,27,47,52,82,84,96,98,100,102,105,108,129,133,149,184,186,187,188,197,205,223,232,233,235,236,244,253,256,261,267,276,287,289,317,325,336,337] 
[1,6,24,39,43,55,68,79,92,96,98,103,109,127,140,145,146,154,187,205,235,238,241,264,279,286,295,308,319,332,336,337] 
[1,12,19,24,47,49,67,79,86,87,94,98,115,127,135,143,146,157,165,187,188,192,194,206,213,236,237,239,241,252,259,264,289,295,307,319,332,335,337] 
[1,23,26,38,40,47,53,58,61,68,77,109,121,124,138,145,146,157,169,173,184,187,197,204,217,223,235,243,262,266,276,283,287,292,301,308,316,321,330,336,337] 
[1,10,12,16,47,57,68,77,85,96,100,116,125,133,144,146,187,188,193,194,204,233,235,236,239,241,287,292,301,317,326,328,336,337] 
[1,22,41,47,55,67,79,90,105,116,127,138,143,149,170,174,180,187,192,198,203,212,226,235,236,239,241,244,264,281,287,295,308,319,330,335,336,337] 
[1,2,4,6,37,47,52,58,62,64,82,86,87,92,96,98,130,133,144,146,157,164,168,173,187,205,212,215,220,233,235,236,237,239,241,255,277,286,292,302,304,322,325,332,336,337] 
[2,4,18,28,32,49,52,76,84,96,100,144,149,176,181,187,196,213,226,235,239,243,250,289,292,300,317,324,336,337] 
[1,12,48,49,57,61,64,82,92,127,138,143,149,155,169,180,187,198,203,217,222,229,235,243,261,264,265,286,298,300,322,330,335,337] 
[1,4,23,25,28,39,47,52,91,95,100,112,139,148,160,165,184,187,196,208,213,228,235,238,243,262,266,270,287,292,304,326,327,334,336,337] 
[1,23,28,30,34,36,40,47,57,61,82,92,96,100,119,124,140,149,170,174,182,187,197,210,212,227,236,239,241,250,263,274,276,280,287,292,301,321,332,336,337] 
[1,4,23,46,51,68,76,90,100,116,124,141,146,149,168,173,188,218,221,235,236,242,243,263,277,287,291,308,316,326,327,335,336,337] 
[1,17,23,38,41,48,52,69,76,84,96,99,117,123,132,142,149,168,178,187,188,192,197,204,216,231,234,235,236,240,241,243,287,292,300,325,327,334,336,337] 
[2,3,23,28,42,47,52,66,76,89,96,100,116,124,139,144,146,149,180,187,188,192,196,235,236,239,242,243,263,268,287,292,302,316,331,336,337] 
[1,47,66,68,72,80,85,87,96,119,126,147,148,153,155,158,162,164,169,170,174,187,188,193,203,217,230,232,235,236,237,241,242,243,249,286,289,292,297,308,316,318,337] 
[1,23,25,29,47,49,52,62,64,71,76,92,96,100,105,108,115,119,124,144,145,146,149,187,188,192,197,204,217,221,235,237,239,241,263,269,287,292,301,306,308,312,316,333,336,337] 
[1,4,12,21,23,25,36,47,49,58,62,80,89,128,141,148,160,169,179,187,208,217,228,235,244,263,287,291,317,330,335,336,337] 
[1,48,82,90,95,100,124,140,144,147,148,154,169,172,187,196,216,220,228,235,241,243,287,308,316,325,335,337] 
[1,4,22,28,46,50,85,87,96,98,110,124,133,135,144,146,154,165,187,196,204,213,239,244,262,268,281,286,288,290,325,327,336,337] 
[1,4,10,23,28,47,51,68,82,84,88,96,99,133,136,140,145,149,154,187,188,192,197,203,235,237,240,243,250,263,268,287,292,308,324,327,336,337] 
[1,3,38,40,46,51,69,85,88,96,99,120,144,148,155,187,189,192,196,203,235,244,286,292,297,308,324,327,336,337] 
[1,2,3,4,10,23,26,46,52,82,90,94,99,106,114,130,138,142,148,183,187,188,193,196,209,218,220,231,235,236,239,241,243,250,262,268,287,289,298,302,320,322,330,334,337] 
[1,2,3,8,21,25,37,46,57,74,81,96,99,105,144,145,148,155,168,174,182,187,188,193,195,196,203,216,222,231,235,236,237,241,242,243,248,261,265,286,287,292,297,314,321,332,336,337] 
[1,21,24,25,44,47,52,62,74,76,92,96,100,144,149,179,187,189,191,198,215,222,235,237,239,241,242,243,263,265,287,292,330,335,336,337] 
[1,12,24,39,48,52,81,91,100,129,139,149,169,173,187,188,192,194,205,217,221,235,236,241,252,264,280,288,292,319,330,334,336,337] 
[1,17,23,29,30,42,47,52,61,76,85,96,98,124,133,144,146,148,157,170,184,187,188,191,196,218,231,235,236,240,241,242,243,257,263,282,287,298,301,304,319,326,327,335,336,337] 
[1,6,27,28,40,48,57,68,71,89,95,98,116,118,127,132,148,169,173,187,188,190,194,196,217,229,235,236,237,241,264,279,299,308,324,335,337] 
[1,2,3,17,23,35,44,47,49,55,63,80,93,98,103,110,112,126,132,140,144,147,149,158,171,187,197,204,225,236,241,242,243,256,261,263,268,277,287,289,292,320,324,332,336,337] 
[1,4,21,28,48,52,60,76,96,100,109,114,124,133,144,146,148,164,179,187,188,196,228,235,236,243,289,292,301,307,308,316,325,336,337] 
[1,4,8,9,13,16,37,40,52,62,70,83,87,94,98,99,109,121,124,126,142,145,146,160,186,190,194,205,212,217,224,235,236,238,240,243,257,261,272,291,305,324,327,331,334,337] 
[1,2,3,23,25,47,52,74,76,95,105,114,121,125,143,148,170,172,184,187,192,196,209,218,220,231,235,240,241,242,244,263,266,287,292,313,316,325,327,334,336,337] 
[1,3,23,28,47,81,84,86,87,96,99,110,112,124,133,135,143,145,146,148,162,164,174,183,187,188,196,235,236,240,241,243,263,268,288,292,325,326,327,334,337] 
[1,21,59,60,67,81,94,105,119,129,143,149,156,187,188,193,196,209,220,235,236,237,243,286,292,306,313,315,324,327,334,336,337] 
[1,23,34,43,52,68,76,88,96,100,116,124,136,145,149,155,168,174,187,188,199,211,221,235,236,241,258,260,264,283,292,308,313,316,322,328,333,336,337] 
[1,36,47,51,133,150,164,187,189,205,212,235,237,276,287,291,326,327,336,337] 
[1,4,22,28,46,50,85,87,96,98,110,124,133,135,144,146,154,165,187,197,216,239,244,262,268,281,286,288,290,325,327,336,337] 
[1,2,4,6,16,21,36,40,47,58,60,64,68,81,84,96,97,98,105,108,112,121,129,142,145,146,157,175,181,185,187,189,192,194,205,223,229,235,237,239,240,241,243,252,256,276,280,282,286,293,294,297,301,304,312,321,332,336,337] 
[1,25,42,47,58,71,82,92,95,106,115,128,140,143,146,147,148,160,171,183,187,208,216,231,235,236,240,241,243,265,282,287,290,297,308,322,332,335,337] 
[1,13,21,23,28,30,45,52,57,68,76,90,96,100,124,140,144,149,155,168,173,185,187,203,209,214,235,241,254,263,285,292,297,301,303,316,330,336,337] 
[1,4,8,9,13,17,36,40,52,62,70,83,87,94,98,99,109,121,132,135,142,145,146,160,186,190,194,212,217,224,235,236,238,240,243,257,260,277,282,291,305,324,327,331,334,337] 
[1,35,40,48,58,93,96,98,142,148,157,165,172,187,193,194,202,212,228,235,241,275,280,288,303,306,328,334,336,337] 
[1,2,3,21,25,60,75,95,98,109,132,148,156,187,188,192,196,204,235,236,240,243,249,286,292,306,314,325,327,334,336,337] 
