[1,8,12,17,25,32,37,56,65,72,81,85,104,113,123,132,139,140,160,171,180,187,188,195,218,240,266,286,288,312,320,324,329,336,344,348,355,356,359,361] 
[1,8,12,15,24,30,32,42,56,90,98,139,140,146,174,176,187,188,206,218,237,239,240,248,266,282,288,296,312,320,324,326,335,338,342,344,347,355,356,360,361] 
[1,8,24,32,41,43,44,56,71,80,83,91,92,95,97,117,128,131,139,140,145,165,176,179,187,188,194,219,238,248,286,289,290,312,320,324,326,335,343,347,350,353,355,356,359,361] 
[1,8,12,14,19,20,24,42,44,48,49,60,62,66,68,72,91,92,96,97,116,131,144,145,176,180,192,194,218,237,239,247,266,285,295,309,313,314,320,324,326,331,332,335,348,350,353,355,356,360,361] 
[42,56,72,98,138,145,186,194,206,240,248,288,302,312,320,354,359,361] 
[1,8,12,14,24,32,36,43,44,49,60,62,66,68,72,80,91,93,98,117,132,134,138,141,152,172,186,189,194,219,237,266,288,312,320,324,326,330,332,336,348,354,357,360,361] 
[1,13,22,41,43,44,56,72,80,89,91,92,137,139,140,150,154,185,186,188,198,218,237,240,244,266,285,289,292,304,313,320,336,344,353,354,356,359,361] 
[1,12,14,24,27,36,43,44,48,49,60,62,72,75,83,91,92,96,97,122,126,128,132,139,140,170,173,176,179,187,189,191,195,216,218,235,240,243,266,283,288,292,312,313,327,336,339,342,344,348,351,353,355,356,360,361] 
[1,24,32,35,42,49,56,71,80,83,90,97,110,139,140,145,159,187,188,195,219,237,240,242,266,285,288,290,311,320,334,349,355,356,360,361] 
[1,41,44,47,56,64,89,91,92,95,97,108,110,137,156,158,177,179,194,216,218,237,242,260,267,285,309,312,313,314,320,329,335,339,352,355,356,360,361] 
[1,2,6,8,12,15,19,20,23,30,32,36,38,42,50,54,56,60,63,66,68,71,78,80,84,86,90,99,132,134,138,139,140,144,147,174,176,180,182,187,188,194,199,218,234,241,242,247,266,282,288,289,295,310,312,314,318,320,324,327,333,336,347,350,354,355,356,360,361] 
[1,12,13,24,27,43,44,56,72,83,86,90,91,92,96,97,116,123,137,140,144,146,147,151,161,186,187,194,218,237,266,285,312,320,321,327,330,332,335,343,354,356,359,361] 
[1,8,14,25,32,48,56,62,73,92,96,117,121,144,151,165,168,182,186,197,219,238,246,261,266,286,293,312,315,326,336,355,356,360,361] 
[6,8,24,32,42,50,68,72,80,91,96,97,104,138,144,145,186,191,194,199,216,218,237,265,266,285,312,314,317,320,336,344,354,360,361] 
[1,3,8,12,14,24,33,35,38,42,43,44,47,56,60,62,71,80,83,87,90,92,104,118,132,134,137,139,140,144,145,165,176,179,182,186,187,188,199,205,218,235,241,242,247,266,283,288,289,296,310,320,324,326,336,345,347,350,353,355,356,360,361] 
[1,14,24,36,50,62,71,84,98,108,132,146,162,176,180,194,217,218,237,266,284,310,320,336,348,360,361] 
[1,6,8,12,14,19,20,22,24,25,27,30,32,35,43,44,48,51,56,60,62,66,68,71,72,80,84,91,92,96,97,104,117,122,128,132,139,140,144,145,152,165,167,176,179,187,188,192,195,199,216,218,237,241,242,247,264,266,285,289,290,295,309,312,315,317,320,324,326,330,332,334,336,337,339,344,347,349,350,354,356,359,361] 
[1,23,32,35,43,44,56,72,80,91,93,97,114,122,132,139,140,152,162,169,180,187,188,194,200,217,218,235,238,239,247,266,282,286,287,301,312,320,323,339,343,347,360,361] 
[1,9,11,20,23,43,44,48,50,56,90,100,167,169,179,182,186,194,199,213,218,237,240,242,261,266,285,288,290,312,315,326,335,350,351,356,360,361] 
[1,14,24,31,42,44,48,49,60,61,73,79,89,91,92,137,140,144,145,185,187,188,218,237,266,285,326,336,343,353,356,359,361] 
[14,24,32,35,62,72,81,83,104,136,152,179,187,188,200,218,237,241,242,266,288,292,312,320,336,345,347,355,356,359,361] 
[1,42,49,65,71,91,92,100,114,139,140,145,162,187,188,195,216,218,237,266,286,292,312,315,321,341,355,356,360,361] 
[1,14,24,32,47,50,72,81,96,98,119,123,143,146,179,195,217,218,237,245,264,266,286,293,312,314,336,339,347,354,355,356,359,360,361] 
[1,8,12,14,18,20,24,27,30,32,34,42,49,54,56,60,62,71,80,82,90,97,120,127,128,130,138,145,174,176,178,186,188,194,218,237,241,242,266,285,289,309,312,314,336,337,344,347,355,356,359,360,361] 
[1,20,24,43,44,48,49,68,72,91,92,96,97,131,139,140,143,145,186,188,199,216,218,237,247,264,266,286,295,311,312,314,320,332,336,344,348,350,355,356,359,360,361] 
[1,35,90,99,113,139,140,153,187,188,191,194,237,253,282,288,290,299,309,355,356,361] 
[1,8,20,25,32,47,57,60,62,73,80,91,92,110,128,131,139,140,143,152,156,176,179,187,188,191,195,218,237,240,243,265,286,288,289,292,312,315,320,323,326,337,344,347,354,356,360,361] 
[1,42,43,44,69,71,91,92,98,137,146,180,197,216,218,237,266,285,312,314,333,335,354,355,356,359,361] 
[1,24,43,44,65,72,91,92,139,140,187,188,194,218,235,266,282,329,335,354,355,356,361] 
[1,24,26,42,50,72,80,84,97,131,144,145,179,194,216,218,237,240,242,263,266,285,288,290,312,314,332,335,344,347,354,361] 
[18,36,40,43,44,48,49,66,84,91,92,95,98,122,132,144,145,165,169,180,184,187,188,191,194,216,218,237,248,291,299,303,311,330,348,355,356,360,361] 
[24,35,43,44,52,68,72,91,92,97,131,139,140,152,179,187,188,200,218,237,247,266,286,295,312,313,347,355,356,360,361] 
[1,36,56,84,96,98,117,122,153,158,195,218,237,266,285,310,319,348,354,361] 
[1,14,23,43,49,89,98,114,123,136,146,164,170,186,194,218,234,237,246,262,266,285,294,310,320,340,344,346,360,361] 
[1,8,24,43,56,84,95,97,110,128,132,143,145,158,176,180,187,188,195,204,216,218,237,266,286,291,320,336,344,348,361] 
