[1,4,13,15,22,25,28,37,39,49,52,61,63,67,70,72,75,83,85,88,96,97,121,122,145,146,148,157,159,166,172,181,184,192] 
[1,12,20,37,41,55,73,76,85,96,97,101,145,148,181,192] 
[1,12,15,24,26,35,47,49,50,60,63,72,74,84,95,97,121,129,132,141,145,146,156,165,168,170,180,192] 
[1,24,29,37,41,48,53,71,77,96,97,108,111,132,145,146,150,159,167,173,181,186,190,192] 
[1,14,24,28,37,39,47,53,61,62,66,72,73,77,85,86,89,94,98,99,106,116,141,144,157,158,168,183,190,192] 
[1,17,24,28,46,48,49,53,63,71,96,97,108,120,127,135,141,151,168,189,192] 
[1,12,20,37,41,55,73,76,85,96,97,101,145,148,157,164,181,192] 
[1,25,27,36,39,59,66,85,87,96,97,99,141,145,146,152,168,172,180,185,190,192] 
[1,4,36,48,50,62,84,87,96,97,105,108,112,145,147,148,160,168,172,180,191,192] 
[1,2,5,12,16,21,23,28,37,40,45,48,49,52,60,62,65,68,71,77,83,88,94,96,97,101,108,109,132,133,144,149,156,159,167,173,180,185,189,192] 
[1,5,21,29,33,48,51,61,62,71,77,85,86,93,96,97,120,122,141,144,146,157,158,166,169,171,181,182,189,192] 
[1,13,14,24,29,36,38,48,50,55,61,62,72,74,77,84,88,96,97,108,113,115,122,132,144,146,149,168,173,181,182,188,189,192] 
[1,24,27,37,41,47,51,64,69,78,82,95,97,108,110,120,123,131,141,145,147,158,165,168,171,180,185,190,192] 
[1,3,13,14,24,27,37,39,43,46,48,51,61,62,85,86,96,97,126,132,145,149,157,158,169,180,183,190,192] 
[1,13,14,24,25,26,37,38,46,48,49,52,59,63,73,75,76,88,93,96,97,98,121,123,145,146,157,158,169,170,176,181,182,190,192] 
[12,13,14,23,24,25,26,29,36,38,46,48,49,52,58,61,62,71,72,73,74,84,85,86,94,96,97,99,144,149,153,157,158,167,168,169,170,172,180,181,182,190,192] 
[1,2,9,18,23,38,46,48,50,62,71,73,74,94,96,97,103,117,126,135,144,146,167,170,183,191,192] 
[1,2,6,9,13,14,23,27,37,38,44,48,49,50,61,62,71,75,93,97,98,99,108,111,114,122,138,145,147,159,164,168,170,181,182,188,191,192] 
[1,3,15,23,29,46,48,49,61,65,71,72,74,76,94,96,97,100,138,144,146,157,161,167,173,181,183,189,192] 
[1,4,25,29,48,52,57,63,73,76,84,88,99,120,125,144,148,169,170,172,177,184,188,192] 
[1,2,37,39,48,51,61,62,72,75,96,97,115,136,145,149,157,158,168,171,190,191,192] 
[7,12,16,24,28,36,38,47,54,64,72,77,84,96,97,99,144,151,156,160,169,170,192] 
[1,4,13,14,24,26,35,40,48,52,72,74,95,99,108,124,141,168,170,191,192] 
