[1,20,24,25,66,72,120,163,215,223,253,274,294,306,314,315] 
[1,4,19,26,44,46,65,71,74,85,98,111,121,126,133,138,144,162,215,232,235,247,253,274,276,298,306,312,314,315] 
[1,5,23,26,32,48,55,71,78,83,97,102,107,126,131,138,145,162,169,180,195,205,213,221,226,237,238,243,253,274,276,283,312,314,315] 
[1,11,45,48,56,66,69,78,93,102,111,121,126,133,138,143,150,157,162,191,194,205,233,241,273,277,278,294,296,310,312,314,315] 
[1,6,9,17,20,25,43,45,48,60,67,69,71,79,86,102,111,120,126,133,139,144,150,157,162,168,180,186,190,193,195,209,214,218,223,229,232,247,273,276,288,295,296,302,313,314,315] 
[1,3,6,23,26,70,83,96,107,126,131,138,145,150,155,162,195,205,215,227,252,253,274,284,286,309,313,315] 
[1,25,70,81,96,99,114,120,137,145,150,157,162,183,191,207,217,242,253,276,305,312,314] 
[1,3,5,8,14,24,25,26,42,48,66,71,83,95,107,126,133,138,145,150,157,162,168,188,195,200,211,228,239,247,254,276,287,307,311,313,314,315] 
[1,11,25,46,52,69,80,92,95,98,104,110,120,126,133,138,145,151,157,162,168,175,183,188,195,199,214,232,253,274,306,312,314,315] 
[1,2,5,20,25,38,48,60,70,83,96,107,139,145,150,157,162,223,248,252,253,276,305,308,312,314,315] 
[1,3,5,9,11,21,25,46,54,70,78,83,94,102,120,126,133,138,145,150,157,161,162,166,179,195,202,212,234,253,274,276,278,284,287,306,314,315] 
[1,20,24,25,32,48,56,73,76,84,96,100,107,168,195,204,212,228,233,236,249,252,253,276,284,300,302,311,314,315] 
[1,11,20,24,25,32,46,53,61,70,72,73,79,95,101,119,120,125,133,138,145,150,157,161,191,194,204,207,218,225,251,253,274,303,309,314,315] 
[1,26,43,49,63,72,78,120,126,133,138,145,150,157,162,212,248,254,277,284,306,312,314,315] 
[1,9,20,25,42,48,62,71,78,85,96,101,120,125,133,138,145,150,157,162,191,212,249,253,266,276,298,312,314,315] 
[1,12,20,26,38,47,62,71,75,120,126,132,137,144,150,157,162,184,191,208,217,226,232,248,254,271,275,276,312,313,314,315] 
[1,9,12,20,25,71,75,120,126,133,137,145,150,157,162,203,212,215,221,232,251,253,274,284,286,311,313,314,315] 
[1,2,5,8,25,32,45,50,68,75,108,167,183,199,206,212,233,235,248,252,253,292,306,313,315] 
[1,6,8,12,20,25,45,55,70,73,86,95,103,126,133,138,145,162,180,195,199,211,218,228,229,254,273,276,278,305,308,311,314,315] 
[1,25,70,72,74,76,96,100,115,176,212,215,217,223,228,229,254,312,313,315] 
[1,26,38,46,49,70,75,120,126,133,138,145,150,157,162,164,211,228,245,253,266,274,303,312,313,315] 
[5,8,11,14,23,24,25,38,48,50,62,70,95,102,120,126,133,138,145,150,157,162,196,201,215,220,228,229,243,247,248,252,253,276,313,314] 
[1,15,32,35,48,55,59,68,80,94,103,112,120,152,157,162,176,183,188,198,207,213,218,232,234,240,252,260,263,276,283,287,296,306,313,314,315] 
[1,2,6,8,20,25,38,46,55,71,75,96,101,113,121,126,133,138,145,150,157,162,171,191,195,203,213,222,232,250,253,274,305,312,314,315] 
[1,10,20,26,32,35,56,59,66,78,120,126,133,138,144,150,157,162,195,200,215,220,252,276,310,314,315] 
[1,20,26,46,50,55,59,67,70,78,83,95,100,125,133,138,145,150,155,161,215,252,254,266,274,276,278,284,287,300,302,305,308,311,313,314,315] 
[1,9,14,19,26,32,71,79,95,107,118,120,139,145,150,157,162,168,205,215,233,236,239,242,252,253,305,313,314] 
[1,25,37,70,115,167,206,211,236,253,278,311,313,314,315] 
[1,16,25,47,62,71,79,107,126,133,137,145,150,157,165,188,194,203,227,244,253,276,313,314,315] 
[1,3,5,9,17,24,25,26,46,48,50,62,70,72,73,76,96,103,113,121,125,131,138,157,161,180,182,193,232,254,274,276,280,285,289,302,308,309,310,312,313,315] 
[1,22,25,45,61,70,75,105,126,133,138,145,150,157,162,187,214,238,248,253,274,276,309,312,314,315] 
[1,6,8,12,21,25,45,55,69,70,73,86,95,103,138,145,150,157,162,211,224,253,273,296,299,311,314,315] 
[1,2,20,24,25,26,70,75,95,99,126,133,138,145,150,157,162,195,212,226,232,242,251,253,254,276,278,304,306,312,313,314,315] 
[1,8,25,46,50,70,79,96,102,126,162,205,243,253,274,283,293,305,314,315] 
[1,20,25,30,48,54,71,79,91,104,115,118,120,126,127,133,137,145,150,152,157,162,215,229,243,248,253,258,271,274,309,313,314,315] 
[1,14,18,26,49,121,126,133,138,145,157,162,171,212,216,249,253,277,296,311,314,315] 
[1,9,11,14,20,24,25,26,46,48,50,70,72,73,107,120,126,133,138,143,145,150,157,162,167,168,178,182,197,215,225,232,243,254,275,276,278,294,296,299,302,306,308,313,315] 
[1,21,26,30,48,54,70,79,93,100,126,133,138,145,162,172,195,210,227,232,239,247,258,301,313,314,315] 
[1,22,26,32,48,56,73,80,95,107,126,133,138,145,150,157,162,168,222,225,242,249,253,277,279,300,306,312,313,314,315] 
[1,2,20,26,43,50,67,70,72,83,96,107,121,127,133,138,145,150,157,162,179,180,203,221,226,242,253,271,305,313,314] 
[1,17,26,48,56,71,75,81,96,104,126,162,193,198,213,225,245,251,253,275,312,313,314,315] 
[1,17,23,25,26,71,75,81,94,96,99,107,126,133,138,145,150,157,162,189,214,227,229,251,253,276,305,313,314,315] 
[1,20,25,48,54,71,77,96,102,120,126,133,138,145,150,157,162,213,226,232,249,253,276,312,313,314,315] 
[1,25,48,50,70,73,140,145,162,226,248,253,294,312,313,314,315] 
[1,11,20,25,42,47,56,72,83,114,164,205,220,232,250,254,275,313,314] 
[1,18,25,30,121,162,169,211,226,242,254,311,313,314,315] 
[1,20,26,46,54,71,75,89,96,114,121,127,133,139,145,150,157,163,216,248,254,287,313,314,315] 
[1,21,25,45,119,126,133,138,145,150,157,162,168,220,248,253,274,299,313,315] 
[1,26,32,35,42,43,46,51,70,78,84,94,102,108,117,121,126,133,138,145,150,157,162,179,182,193,202,220,224,231,232,236,254,273,278,284,287,311,313,314,315] 
[1,24,25,27,46,56,70,76,84,94,96,100,108,126,128,132,133,137,142,162,167,172,194,203,215,234,248,253,255,273,283,287,291,305,312,314,315] 
[20,24,25,42,47,67,72,83,96,107,120,126,133,138,145,150,157,161,211,220,232,243,252,253,270,276,282,304,313,315] 
[1,2,20,26,49,54,63,83,89,107,168,199,248,254,299,312,315] 
[1,18,28,39,48,58,68,86,96,114,163,174,199,221,236,248,253,268,276,312,313,314,315] 
[1,26,48,55,70,78,95,103,120,138,145,150,157,162,171,180,189,213,219,227,249,253,276,283,287,306,313,314,315] 
[1,14,25,71,75,83,94,99,108,126,131,149,157,161,215,219,249,253,314,315] 
[1,26,44,55,61,68,73,77,85,121,125,133,138,145,150,157,162,192,195,213,228,232,253,268,283,293,305,314] 
[1,10,20,26,47,62,71,78,86,95,107,126,133,138,145,149,157,161,190,203,215,220,238,248,254,274,276,291,305,308,309,313,314,315] 
[1,24,26,46,56,70,75,94,102,120,126,133,138,145,149,151,157,162,190,195,204,215,220,228,236,248,253,254,276,286,296,299,302,305,308,311,313,314,315] 
