[1,7,11,13,22,26,35,37,48,50,53,66,80,97,98,101,111,128,144,161,193,211,215,216,217] 
[1,11,28,31,36,40,43,47,50,60,66,74,95,98,111,122,143,146,166,178,202,208,211,215,216,217] 
[1,7,11,14,26,30,35,38,43,47,49,50,57,62,69,96,98,110,117,122,129,145,153,167,179,182,190,203,207,211,215,216,217] 
[1,25,31,40,42,47,48,50,78,81,96,98,141,144,146,151,158,164,183,204,205,207,213,215,217] 
[1,22,31,33,43,47,50,63,74,88,98,108,116,122,135,144,155,165,167,189,199,203,211,215,216,217] 
[1,10,24,34,42,46,50,60,93,98,108,141,145,146,148,152,164,165,168,177,191,196,210,214,216,217] 
[12,19,33,43,45,47,50,93,98,110,120,122,133,143,152,158,171,175,197,202,215,216,217] 
[1,7,9,17,26,31,34,44,46,49,50,61,74,90,97,98,109,122,135,145,147,152,165,168,194,198,201,206,214,217] 
[1,48,50,61,74,93,98,111,122,135,144,150,152,156,157,160,197,200,215,216,217] 
[1,7,10,46,50,62,74,84,98,109,122,133,144,150,152,156,158,164,175,178,182,193,198,201,205,214,216,217] 
[1,7,10,22,31,48,50,69,74,95,98,110,122,141,144,146,149,152,153,157,168,175,214,216,217] 
[1,11,13,35,38,47,49,50,92,98,117,121,122,140,144,146,166,167,179,182,189,197,203,207,214,217] 
[1,25,35,37,48,50,51,53,96,97,98,99,101,105,107,110,137,144,147,151,152,169,189,211,214,216,217] 
[1,7,11,14,21,35,38,42,47,49,50,61,62,72,74,95,98,108,110,120,122,144,146,163,174,179,182,187,203,206,211,215,217] 
[1,16,27,31,40,48,50,78,81,96,98,140,143,146,152,158,164,184,205,208,213,215,217] 
[1,27,31,47,50,120,122,138,159,193,199,204,205,215,216,217] 
[1,49,50,93,144,152,203,205,216,217] 
[1,2,7,9,16,25,47,48,50,53,69,85,96,101,117,136,145,153,173,175,177,194,210,215,216,217] 
[1,7,8,11,13,26,31,32,36,37,38,48,50,51,53,57,59,67,72,77,79,83,89,96,97,98,99,101,116,120,123,125,131,144,145,146,151,152,164,169,170,171,172,180,181,204,205,212,216,217] 
[1,2,7,10,11,14,34,36,38,41,102,118,128,129,131,145,146,169,173,178,179,182,185,190,202,204,206,209,214,216,217] 
[1,7,10,11,13,31,34,41,45,49,50,80,89,97,98,108,122,132,144,152,161,164,168,179,181,198,203,205,209,214,216,217] 
[1,2,3,7,10,24,27,31,36,37,39,42,48,50,63,74,87,97,98,111,122,136,144,146,155,159,166,171,175,178,192,199,203,205,213,214,216,217] 
[1,19,30,46,49,50,95,98,120,133,141,144,146,163,183,192,198,215,216,217] 
[1,2,6,9,12,13,33,36,37,80,84,97,98,120,122,141,144,148,151,152,166,167,180,181,201,204,205,209,216,217] 
[1,7,9,22,34,43,47,48,50,71,74,95,98,116,119,122,143,168,190,211,216,217] 
[1,3,7,40,42,48,50,60,74,108,120,122,145,149,152,156,160,168,180,202,209,211,214,216,217] 
[1,11,22,34,42,44,47,49,50,74,114,125,135,144,169,179,189,201,210,215,216,217] 
[1,49,50,93,144,152,216,217] 
[1,2,3,7,11,13,15,22,39,43,47,49,50,62,95,96,98,118,125,143,145,146,148,159,161,166,167,171,175,178,182,183,190,203,205,208,211,215,217] 
[1,12,13,21,27,31,34,43,48,50,63,72,74,87,95,98,110,115,122,134,139,144,146,161,166,168,175,177,180,181,187,199,201,211,215,216,217] 
[1,2,33,47,48,49,50,60,74,84,94,96,98,114,120,122,129,142,144,146,151,174,201,215,217] 
