[17,20,41,44,62,73,80,97,100,104,109,121,164,167,170,175,182,187,199,200,204,206,211,219,224,229,234] 
[1,14,25,38,62,74,85,98,103,127,167,205,206,215,222,234] 
[1,13,18,22,26,36,37,40,62,72,73,74,85,96,97,101,104,118,127,128,130,131,134,138,154,158,164,168,172,220,224,225,226,234] 
[1,4,11,21,25,35,43,44,59,71,77,81,83,95,102,104,112,119,123,164,168,183,192,200,204,208,211,212,220,224,234] 
[1,13,26,37,45,73,82,94,103,114,116,127,164,182,198,205,223,225,226,234] 
[1,13,16,22,26,37,41,58,62,72,76,82,86,97,101,104,113,126,158,172,220,224,234] 
[1,16,24,39,61,76,85,99,108,130,162,222,234] 
[9,11,19,31,38,43,50,54,58,59,65,67,72,81,88,96,103,110,127,130,139,142,164,169,181,188,192,195,199,208,224,226,233] 
[1,16,21,33,38,57,69,73,75,81,90,98,102,103,112,126,161,164,193,199,205,223,224,226,234] 
[1,13,25,38,43,56,62,73,85,97,103,138,163,181,197,216,223,225,226,234] 
[1,14,19,41,43,54,79,86,105,108,130,132,142,145,151,159,163,165,181,199,205,211,213,224,226,234] 
[1,22,39,58,71,127,157,165,173,195,199,200,221,225,226,234] 
[1,19,42,44,71,79,101,135,164,169,174,181,189,191,199,202,206,216,224,226,234] 
[1,3,13,19,21,24,37,38,43,57,62,73,75,81,89,94,99,103,120,121,171,175,176,181,224,226,234] 
[1,12,15,25,27,28,36,40,61,64,72,76,78,83,85,87,88,96,100,121,137,162,166,168,175,177,199,202,204,211,214,224,225,226,234] 
[1,13,22,37,42,45,50,55,62,67,73,76,82,97,116,122,128,130,164,171,175,183,195,199,208,211,212,214,220,224,226,234] 
[13,21,26,37,39,44,52,62,72,73,84,97,98,122,131,133,142,163,165,171,175,182,198,199,207,211,214,221,223,225,226,232,234] 
[1,13,16,19,27,32,37,40,43,44,50,52,55,61,73,76,86,93,97,100,103,104,117,127,164,168,181,182,196,198,199,217,220,222,224,225,226,234] 
[1,13,18,22,25,27,36,37,41,58,62,73,76,82,85,87,97,101,104,114,127,128,130,131,133,138,156,157,164,168,172,220,224,225,226,234] 
[1,10,22,25,37,39,43,48,51,55,61,73,79,80,84,97,114,120,127,163,181,182,186,189,201,212,214,221,225,226,234] 
[1,13,22,37,58,73,82,86,98,103,112,119,126,159,163,169,175,181,199,224,226,234] 
[1,10,23,34,43,61,67,84,94,122,151,164,196,199,208,214,222,224,226,229,234] 
[10,11,24,37,43,44,73,82,102,114,116,121,138,142,144,162,163,181,182,224,225,229,234] 
[1,13,19,37,43,58,73,79,97,103,133,160,161,169,175,181,199,205,211,217,224,225,226,234] 
[1,12,15,20,36,39,44,50,58,65,75,80,89,99,103,123,130,159,164,165,170,178,182,195,199,206,215,221,225,226,234] 
[1,15,19,24,37,39,41,43,60,75,79,84,99,103,105,109,127,128,134,135,159,164,166,169,175,177,181,199,200,202,205,224,225,226,234] 
[1,3,4,5,7,9,11,13,15,19,21,26,30,37,38,43,44,58,60,63,69,73,77,86,96,97,103,104,116,122,125,127,163,169,178,181,199,200,219,224,226,234] 
[1,15,22,25,30,37,39,49,61,73,76,82,86,99,109,117,118,119,121,127,160,187,201,208,220,223,225,226,234] 
[1,4,12,13,16,25,39,43,62,76,86,98,110,115,124,126,127,140,142,147,159,164,165,181,193,199,200,224,225,226,234] 
[13,22,38,43,60,74,77,98,102,126,170,175,179,199,205,211,222,224,226,234] 
[1,12,20,25,41,61,77,85,101,127,142,162,170,175,181,199,205,211,222,223,234] 
[4,23,31,39,45,75,82,92,99,108,115,133,162,163,185,224,225,229] 
[13,16,19,27,37,42,43,58,60,73,82,85,97,120,121,159,164,171,175,176,195,199,200,205,223,225,227,234] 
[12,16,19,41,43,67,72,77,79,91,103,105,113,127,163,170,172,181,182,198,205,210,223,225,226,234] 
[14,17,22,25,39,61,74,75,82,86,98,116,121,133,163,175,176,208,211,212,217,224,225,226] 
[1,17,20,26,38,41,45,57,74,77,80,86,97,100,103,107,134,170,217,220,222,225,226,234] 
[1,2,3,4,5,7,8,10,11,25,27,28,34,35,37,43,62,65,66,67,71,72,73,84,94,95,97,100,103,108,114,125,126,162,163,175,176,199,200,205,219,223,225,226,227,228,229,230,234] 
[1,22,25,36,40,45,51,66,76,86,96,100,103,111,123,143,162,168,170,174,178,181,187,210,214,218,222,225,226,227,234] 
[1,14,21,30,38,42,43,63,74,82,87,97,98,104,118,126,162,168,171,175,176,181,194,195,199,200,208,211,218,223,224,225,226,234] 
