[1,24,26,35,39,60,63,68,72,75,94,98,109,120,123,132,139,148,151,180,183,188,197,203,204,205] 
[1,35,36,37,51,68,72,74,81,95,117,118,135,139,148,191,197,203,205] 
[1,12,15,22,27,36,38,47,51,63,71,72,76,87,97,99,106,120,125,131,141,143,149,165,167,170,179,182,203,204,205] 
[1,5,11,26,35,62,66,73,74,80,87,93,109,120,129,135,139,142,147,151,161,167,182,199,204,205] 
[1,6,15,19,23,27,35,37,51,56,63,69,73,75,79,98,99,103,113,135,144,148,152,162,171,175,183,186,191,205] 
[1,5,7,15,20,27,34,41,43,50,56,63,68,73,74,79,85,91,104,118,128,152,157,171,176,183,188,192,203,204,205] 
[1,6,9,12,15,35,37,42,54,71,75,109,126,132,137,146,150,161,168,174,200,204,205] 
[1,3,11,14,35,39,41,51,56,68,72,75,79,85,91,97,105,109,120,142,148,151,163,171,186,193,204,205] 
[1,6,35,39,42,45,55,63,68,73,74,79,96,104,115,119,135,141,148,153,161,175,183,192,200,205] 
[1,35,37,70,85,96,103,143,147,158,163,186,197,204,205] 
[1,13,35,37,56,62,67,72,75,89,132,149,158,178,182,187,202,205] 
[1,11,15,31,33,35,37,47,49,54,56,63,68,72,74,79,94,110,112,138,148,154,164,167,174,197,204,205] 
[1,26,29,35,37,51,53,62,65,71,73,74,81,96,105,109,131,137,148,157,167,169,186,196,203,204,205] 
[1,11,15,31,33,35,37,47,49,54,56,63,68,72,74,81,94,110,112,137,148,154,164,167,174,197,204,205] 
[1,14,17,26,29,35,37,49,52,63,65,71,72,74,80,92,99,104,117,122,128,144,150,153,173,182,184,202,204,205] 
[1,19,26,35,43,56,60,62,68,71,73,74,76,85,95,97,100,109,118,143,148,153,161,178,182,197,203,205] 
[1,9,11,14,36,37,48,51,72,73,74,94,98,120,122,150,162,202,204,205] 
[1,3,5,8,20,24,26,34,41,44,55,59,62,68,72,75,81,93,98,99,105,116,125,129,137,151,161,163,176,182,200,203,205] 
[1,9,12,14,22,26,36,39,44,49,50,58,62,66,72,75,86,97,101,125,129,136,151,157,164,168,170,183,191,195,197,198,204,205] 
[1,6,9,35,36,37,51,68,72,74,81,95,117,118,134,139,148,191,197,203,205] 
[1,20,26,37,56,62,68,72,75,80,85,94,106,119,152,162,176,182,200,202,205] 
[1,22,27,35,37,46,47,71,77,88,95,101,119,127,129,151,161,166,168,174,178,183,191,202,205] 
[1,9,11,15,20,23,27,34,35,38,39,47,50,59,63,71,72,73,74,80,95,103,119,123,131,150,160,167,171,176,179,183,197,204,205] 
[1,6,14,19,26,35,37,41,50,68,73,75,79,99,103,115,139,150,156,161,164,167,170,176,182,188,199,204,205] 
[1,11,15,20,27,35,51,72,73,74,85,88,103,113,167,171,191,204,205] 
[1,12,14,36,52,71,75,92,98,118,123,129,152,161,167,170,199,203,205] 
[1,15,26,35,37,62,68,72,73,74,81,95,105,118,126,129,142,149,152,167,182,197,203,205] 
[1,8,11,18,36,37,46,53,68,73,74,103,108,120,141,150,168,182,191,199,205] 
[1,6,9,11,13,14,35,37,38,45,48,49,50,69,72,73,74,80,87,95,106,120,123,128,139,148,161,165,167,171,191,204,205] 
[1,11,15,22,26,35,37,51,57,62,68,72,74,97,98,109,132,141,152,157,167,171,178,182,190,197,198,203,204,205] 
[1,5,8,11,15,20,26,35,37,59,62,70,72,75,79,118,140,151,167,171,176,182,191,203,204,205] 
[1,5,11,14,17,27,29,41,44,47,50,53,63,66,72,75,86,94,97,98,106,143,150,161,175,183,192,204,205] 
[1,11,14,15,17,19,27,29,32,35,37,47,51,53,63,65,72,73,74,79,83,85,97,103,120,123,139,141,148,167,171,173,183,185,191,195,197,199,200,203,205] 
[1,2,9,10,12,15,20,26,35,37,48,51,56,62,69,72,75,90,98,114,116,134,135,144,149,166,176,182,197,204,205] 
[1,5,11,15,32,35,51,72,74,78,85,97,113,116,123,143,149,154,159,186,196,200,204,205] 
[1,11,14,35,39,51,66,72,73,74,75,95,97,99,119,126,138,150,171,188,197,198,204,205] 
[1,15,19,26,35,51,55,58,66,72,74,85,91,103,131,151,171,175,182,185,197,204,205] 
[1,9,12,15,19,27,35,39,58,63,71,72,74,77,95,103,121,126,137,158,178,183,191,197,198,203,204,205] 
[1,35,39,46,51,68,72,75,87,96,99,142,148,153,168,171,200,204,205] 
[1,11,15,19,26,33,35,37,48,51,63,68,73,74,79,97,103,120,127,135,142,150,163,167,171,183,188,199,203,204,205] 
[1,19,26,30,55,62,66,72,75,85,91,96,132,151,164,193,204,205] 
[1,12,15,21,30,35,48,51,72,73,74,118,151,168,171,204,205] 
[1,5,12,14,36,37,41,51,72,74,105,151,156,159,161,162,168,171,198,204,205] 
[1,3,10,11,15,35,37,47,51,67,73,74,85,91,93,95,96,109,114,119,123,142,144,149,157,166,167,171,172,193,204,205] 
[1,11,15,21,26,33,35,37,44,46,51,58,62,67,72,73,74,75,94,103,120,136,143,150,199,203,204,205] 
[1,5,11,15,35,39,46,51,59,63,70,72,73,75,81,96,99,105,114,117,126,132,143,148,150,153,161,187,197,204,205] 
[1,3,11,14,35,38,39,53,72,74,75,95,101,117,141,150,156,159,168,170,197,198,203,205] 
[1,3,5,12,15,27,35,38,41,42,45,47,49,51,63,68,72,75,79,96,97,98,104,107,137,140,150,162,167,171,197,204,205] 
[1,5,9,11,14,15,24,27,31,35,37,47,50,51,60,63,69,72,75,79,87,92,95,101,114,116,150,161,165,167,170,171,181,197,204,205] 
[1,11,14,35,39,47,50,72,75,94,96,98,104,126,140,148,162,167,170,190,204,205] 
