[1,2,24,27,35,53,62,119,130,191,206,223,229,257,260,263,266,276,294,296,303,310,318,325,329,330] 
[1,3,11,14,23,27,54,70,77,80,89,105,122,125,130,147,161,175,178,202,210,214,220,227,260,265,267,282,294,296,306,324,330,331] 
[1,9,12,14,21,26,35,42,53,59,62,67,92,106,119,131,135,148,175,179,182,188,194,200,201,203,230,241,260,262,263,268,270,272,281,283,284,290,299,300,302,325,329,330,331] 
[1,3,11,15,23,27,35,38,53,62,88,101,105,112,119,147,153,159,172,200,203,208,215,218,226,240,244,258,263,264,266,274,283,284,288,296,299,303,309,324,333] 
[1,2,42,46,56,63,122,157,194,203,207,230,240,244,255,261,266,277,278,288,300,303,309,312,321,325,329] 
[1,3,11,35,37,53,64,110,119,131,135,160,176,230,240,260,266,282,284,294,306,317,325,330] 
[1,2,11,14,19,24,26,35,38,42,45,56,63,77,86,102,130,133,135,147,200,218,224,256,261,267,276,281,284,288,293,303,320,325,333] 
[1,2,13,14,24,27,53,62,68,103,119,132,135,139,143,147,159,173,200,227,241,248,257,261,270,272,286,288,298,300,304,323,329,331,333] 
[1,2,42,51,66,78,88,108,117,121,123,152,156,189,215,229,241,244,259,263,267,293,296,299,302,303,312,324,330,331] 
[1,2,27,35,51,66,83,91,108,120,124,130,136,172,203,230,241,244,259,268,276,294,297,299,304,309,316,324,328,331,332] 
[1,2,28,36,48,56,64,122,144,185,205,206,222,241,245,260,282,295,296,299,320,323,329,331] 
[1,4,13,15,27,42,55,64,69,84,87,97,107,121,135,161,173,179,203,206,215,218,224,230,240,243,257,260,268,294,306,312,325,333] 
[1,2,13,14,19,22,26,35,36,38,45,53,61,67,107,119,130,132,136,148,177,178,179,199,203,223,226,241,244,260,264,267,282,284,290,295,296,299,302,324,330,331] 
[1,12,14,36,38,51,77,92,109,125,154,157,175,176,191,200,229,241,260,273,289,296,299,303,309,314,321,323,328,330] 
[1,2,36,38,68,110,130,135,172,201,228,240,248,258,295,296,304,318,325,330] 
[1,2,6,12,14,19,24,26,36,38,42,59,60,92,109,125,126,130,136,148,160,198,228,240,257,261,266,276,278,283,284,288,290,294,296,300,302,306,318,325,333] 
[1,2,4,12,15,23,28,37,39,46,47,70,79,81,88,103,119,148,160,167,174,179,194,199,200,206,227,241,245,257,263,275,282,294,296,300,301,309,314,324,325,327,328,332,333] 
[1,2,48,62,67,111,123,132,136,155,159,186,229,240,260,264,266,288,300,302,307,317,325,330,332] 
[1,2,12,14,36,38,55,58,59,60,70,78,80,102,104,119,122,123,125,127,136,152,160,167,168,169,172,181,185,204,207,215,219,230,240,244,260,265,266,282,284,288,290,294,296,300,303,312,314,325,329,330,331,333] 
[1,2,4,24,29,36,45,53,62,71,79,95,103,109,119,132,135,159,201,204,206,230,241,258,283,294,296,305,319,323,327,329,331,333] 
[1,59,61,70,122,172,202,206,214,218,249,281,284,287,290,293,296,299,304,324,325,326,327,333] 
[1,2,12,14,18,27,42,62,92,108,113,133,136,153,160,167,172,241,244,260,264,267,294,296,300,302,318,325,331,332] 
[1,2,12,13,22,24,26,37,38,51,59,63,70,110,116,132,133,136,140,145,179,184,190,200,205,206,214,218,225,229,257,264,275,289,290,292,294,296,305,311,317,325,329,330,331,332,333] 
[1,2,9,12,14,17,26,35,38,43,60,78,80,109,113,123,131,148,154,160,169,172,183,191,203,212,227,251,260,264,266,270,290,293,297,299,303,317,325,331,332] 
[1,2,31,41,56,60,69,108,130,136,144,148,155,161,197,228,240,244,259,262,265,266,276,285,294,296,304,318,324,328,329,331] 
[1,33,35,51,65,108,119,124,130,136,172,203,230,237,241,243,258,260,267,281,294,296,303,309,317,324,328,332,333] 
[1,2,30,36,59,62,72,111,130,136,152,159,174,178,200,211,229,235,240,260,266,269,271,272,283,284,295,296,303,307,318,324,329,330,331] 
[1,2,11,14,35,50,78,88,108,172,203,207,217,229,240,244,257,293,303,324,330,331] 
[1,2,12,14,27,47,61,68,114,129,149,173,181,194,203,207,224,251,261,266,282,284,294,296,299,302,307,317,324,332] 
[1,2,12,14,33,62,101,130,136,142,147,155,157,167,172,205,206,216,218,223,227,240,242,260,264,266,282,307,320,325,330,331] 
[1,2,12,14,50,68,102,113,124,133,135,140,148,172,178,188,190,213,218,240,247,257,260,263,267,271,272,276,278,282,284,288,290,300,302,325,326,329,331] 
[1,2,4,11,15,24,28,35,65,108,131,136,143,159,172,205,228,240,248,259,263,265,266,273,276,282,284,287,291,294,296,299,303,324,326,327,328,331] 
[1,2,12,15,36,45,66,119,124,132,135,154,172,185,191,202,218,225,240,244,257,261,267,276,282,284,289,290,304,319,325,332,333] 
[1,2,62,110,132,135,171,203,206,227,256,261,272,299,305,319,325,326,330,331] 
[1,2,13,14,36,39,57,61,79,81,103,122,125,126,131,136,160,217,224,231,241,242,257,263,265,281,284,294,300,302,307,317,325,330,333] 
[1,2,41,66,107,130,136,172,195,220,228,239,261,263,268,276,281,288,290,294,296,300,302,319,325,332] 
[1,2,15,32,36,59,61,65,110,122,133,135,142,147,167,171,178,185,230,240,246,260,263,264,265,296,300,303,309,311,324,325,333] 
[2,13,14,24,26,36,38,47,59,60,108,132,136,142,148,155,160,195,197,230,240,241,242,258,263,266,288,290,294,296,300,301,325,333] 
[1,2,11,12,14,24,26,47,55,92,101,113,125,127,132,135,144,155,157,171,203,207,227,241,243,254,262,263,264,266,282,284,295,296,301,302,304,322,325,330] 
[1,2,27,35,41,53,59,61,65,113,131,136,142,146,147,154,159,167,172,174,195,203,206,227,240,257,262,266,282,288,296,300,304,318,324,326,327,329,330,331] 
[1,2,12,14,24,26,47,50,59,61,68,85,92,109,114,136,156,160,169,172,199,230,260,264,266,276,278,282,300,302,304,325,326,327,328,330,332] 
[1,2,11,13,14,23,27,40,59,61,72,105,110,125,126,139,148,194,203,207,218,234,241,247,252,260,263,266,276,282,284,299,303,311,321,325,333] 
[1,2,24,26,35,37,38,52,56,68,108,118,125,126,131,133,135,148,198,206,231,240,260,264,266,276,282,284,294,302,303,324,330,332] 
[1,2,9,11,33,42,66,107,130,139,141,151,197,222,227,241,249,257,301,302,310,324,325,331] 
[1,2,20,36,38,56,61,65,107,119,140,145,171,185,188,227,240,261,264,266,282,284,295,300,303,323,332,333] 
[1,2,12,14,25,26,36,52,57,62,88,108,119,124,125,145,157,174,193,204,226,243,247,257,294,296,304,311,320,323,325,327,328,332,333] 
[1,2,12,14,24,26,63,68,109,119,130,136,156,160,169,172,215,229,240,259,264,266,288,300,301,304,316,326,333] 
[1,2,23,34,68,86,109,125,185,227,240,241,248,257,282,307,324,330,331,332] 
[1,2,11,14,23,26,36,38,59,61,68,78,80,89,92,102,104,123,131,135,174,178,200,206,216,217,224,230,240,242,257,263,266,282,288,290,294,296,300,302,304,315,325,330,331] 
[1,2,11,14,20,25,26,35,38,42,53,61,88,106,119,127,130,144,174,191,203,228,241,246,260,263,266,272,276,281,284,290,293,296,300,302,304,319,325,330,332,333] 
[1,2,7,14,19,24,25,42,59,61,96,108,120,127,131,136,155,159,166,172,203,208,225,232,240,250,258,262,268,269,276,279,281,284,308,320,325,330,332] 
[1,2,12,14,19,24,26,35,38,42,46,56,61,77,86,102,130,135,148,172,194,203,206,219,224,240,244,256,260,267,276,281,284,288,293,303,318,325,332] 
[1,7,11,23,36,56,61,66,105,108,122,127,143,147,159,167,173,175,183,189,204,225,240,259,260,264,266,282,300,304,326,332,333] 
[1,2,36,38,68,108,131,133,140,217,229,241,244,264,266,271,272,282,284,288,290,300,303,323,327,328] 
[1,2,11,14,19,28,47,61,64,77,80,88,102,106,109,131,135,148,165,171,193,203,206,210,215,218,224,241,246,254,260,263,267,282,284,290,299,303,310,321,324,325,328,333] 
[1,2,13,14,23,26,35,38,68,92,102,132,135,159,164,182,203,229,240,243,260,263,268,289,290,293,296,304,325,330,331] 
