[1,6,23,24,28,38,47,50,66,72,76,88,90,97,119,120,123,134,143,147,149,152,158,166,168,171,176,188,192,199,216,218,226,229,231,239,240,241,245,263,266,279,287,290,306,312,315,328,330,337,359,361,363,372,374,377,384,386,399,408,424,426,428,429,430] 
[1,12,25,29,42,51,60,62,66,73,75,97,121,144,146,147,153,167,169,180,194,196,264,288,290,313,323,328,337,341,360,384,391,401,413,420,424,429,430] 
[1,24,30,55,64,66,72,76,88,90,96,120,134,142,144,147,151,155,169,176,180,190,202,217,227,240,264,271,276,279,288,292,294,304,307,312,316,318,328,330,336,360,365,372,375,384,386,397,418,422,426,428,429,430] 
[1,3,24,45,52,53,72,93,97,120,133,144,147,161,176,177,184,193,194,216,234,242,265,277,290,312,321,337,361,365,370,377,383,384,389,422,424,426,428,429,430] 
[1,2,24,28,47,51,54,64,65,72,87,98,120,126,142,144,146,147,148,153,169,176,180,187,219,222,223,229,235,263,286,292,294,304,305,317,328,338,360,375,378,382,383,387,395,410,423,426,429,430] 
[1,3,23,27,48,49,51,59,61,69,75,85,87,93,95,97,98,102,119,123,134,143,144,145,146,147,153,167,171,173,181,190,193,194,196,205,234,235,237,241,242,243,259,263,265,285,290,291,299,302,309,311,323,325,327,333,335,336,337,342,354,359,365,367,372,379,383,384,385,386,388,394,399,413,421,423,424,428,429,430] 
[1,24,39,72,94,97,116,120,137,144,147,153,163,168,171,174,186,194,238,241,264,282,290,312,328,337,360,363,377,387,424,428,429,430] 
[1,24,25,37,48,50,67,72,73,76,87,97,108,109,120,127,131,133,137,139,144,147,148,150,156,163,166,168,170,171,174,185,191,192,196,207,217,231,237,242,264,271,275,277,288,289,290,312,313,316,324,326,337,360,361,362,367,371,374,376,377,379,384,386,388,418,426,428,429,430] 
[1,24,29,38,47,50,53,66,72,76,78,83,85,88,90,97,119,135,144,147,148,153,166,168,171,176,188,192,199,216,218,226,229,231,239,240,241,245,263,266,279,287,290,293,299,301,306,312,315,328,330,337,360,372,374,377,384,386,399,408,419,426,428,429,430] 
[1,24,25,27,33,36,39,48,50,52,54,64,66,72,73,76,78,88,90,97,99,108,111,120,121,123,128,132,134,144,147,152,155,168,171,172,173,176,198,204,205,216,226,233,255,264,265,266,288,290,292,294,304,306,312,313,316,318,328,330,337,339,348,350,360,361,362,369,372,377,392,396,406,410,415,419,423,424,425,428,429,430] 
[1,21,24,45,72,98,122,141,144,145,150,166,175,191,205,226,240,243,264,279,291,312,326,338,362,379,384,386,417,423,424,428,430] 
[1,24,36,37,40,46,50,74,87,98,120,132,134,143,147,152,168,175,189,205,216,219,220,229,264,276,278,292,294,312,324,325,334,338,341,360,370,372,374,387,417,426,428,430] 
[1,24,25,31,47,49,72,95,97,99,121,127,143,147,149,150,165,169,171,176,186,189,193,196,204,207,213,226,232,241,243,265,271,276,283,290,298,313,334,337,359,361,367,372,392,414,424,429,430] 
[1,24,27,56,64,66,72,76,88,90,96,120,135,142,144,147,152,169,176,180,190,203,217,227,240,264,271,276,279,288,292,294,304,307,312,316,318,328,330,336,360,364,372,375,384,386,397,418,422,426,428,429,430] 
[1,2,3,23,25,48,49,50,71,72,79,85,95,97,119,121,122,126,131,135,137,138,143,147,153,158,166,168,172,177,182,185,191,193,196,216,217,223,224,230,239,242,265,266,267,276,277,289,290,311,312,316,324,325,335,337,359,361,369,371,375,377,378,380,385,386,390,409,429,430] 
[1,24,50,74,95,120,144,146,147,155,169,179,190,193,194,217,233,264,290,312,335,360,362,384,386,409,419,423,429,430] 
[1,7,25,50,58,70,74,97,98,103,120,122,144,146,151,158,160,167,174,190,194,217,224,234,240,243,265,267,290,314,337,338,346,361,383,384,386,400,409,418,422,424,427,429,430] 
[1,5,24,49,67,71,72,89,120,123,132,134,137,142,148,150,158,162,167,168,173,177,180,188,190,194,227,264,289,312,314,322,324,327,337,360,363,371,375,378,384,385,425,428,429,430] 
[1,23,51,67,71,75,79,88,89,97,120,126,136,138,143,147,158,166,175,178,180,187,213,241,263,280,282,287,291,298,304,307,311,315,319,327,330,338,340,342,352,354,360,364,366,376,378,384,386,417,424,427,428,429,430] 
[1,6,11,13,23,24,26,28,35,37,47,50,54,71,75,78,95,99,102,107,108,112,120,124,131,133,142,144,146,162,168,182,184,186,193,194,197,203,206,207,209,232,233,239,240,242,251,253,256,263,268,275,278,287,291,295,300,302,306,311,318,335,337,338,347,349,353,354,359,364,371,373,383,386,398,400,413,416,430] 
[1,24,28,37,47,50,52,72,75,86,96,97,120,124,143,146,150,157,164,167,171,174,187,190,194,198,200,213,214,225,228,230,265,267,290,312,334,360,361,363,378,383,386,414,426,428,429,430] 
[1,24,37,52,55,64,67,72,85,88,120,134,139,144,146,151,163,168,175,176,181,188,192,203,207,221,227,264,278,288,289,290,294,304,307,312,325,336,348,360,362,383,386,396,400,408,417,428,429,430] 
[1,24,31,51,54,72,75,97,121,123,142,144,146,153,168,171,172,176,191,218,232,241,264,266,291,294,304,306,312,328,336,360,384,386,392,407,413,422,424,428,429,430] 
[1,12,15,25,30,36,39,48,50,52,54,64,66,72,73,76,78,88,90,97,99,108,110,120,121,122,128,132,134,144,147,152,155,168,176,178,194,198,204,205,216,224,232,237,238,240,243,258,264,265,266,288,290,292,294,304,306,312,313,316,318,328,330,337,339,348,351,360,369,371,374,376,378,381,395,396,413,419,423,424,426,428,429,430] 
[1,23,48,49,50,71,72,85,97,120,145,147,152,159,166,172,174,176,192,193,194,202,205,208,210,216,220,232,244,264,290,311,337,360,361,378,384,386,392,409,422,428,430] 
[1,2,24,26,50,66,71,76,96,97,98,121,122,129,142,145,147,152,165,168,171,176,190,192,194,200,216,219,220,224,230,240,241,264,265,267,288,290,311,313,314,326,335,336,360,369,372,375,377,378,384,386,401,409,428,429,430] 
[1,2,24,49,72,76,81,88,98,120,122,127,144,150,151,166,174,185,190,194,213,218,229,238,240,241,243,264,270,292,294,303,306,312,316,333,360,361,363,387,389,396,405,409,421,423,429,430] 
[1,2,24,49,50,74,99,120,145,147,152,162,168,169,170,180,187,190,192,194,197,200,203,207,213,237,239,240,242,247,264,288,290,313,336,361,379,384,386,408,424,426,428,429,430] 
[1,21,24,73,99,120,131,135,144,146,147,152,153,168,170,177,191,204,207,274,279,312,339,360,371,375,396,410,424,428,429,430] 
[1,24,33,48,50,72,95,97,120,126,144,145,146,148,153,167,169,171,177,190,214,235,240,264,267,287,290,312,335,337,360,363,384,386,409,424,428,429,430] 
[1,3,9,15,23,35,37,47,50,72,75,84,85,99,107,109,120,131,133,144,147,150,166,168,171,178,187,190,193,194,200,216,218,231,242,264,267,275,277,282,288,290,312,325,339,347,349,360,371,373,375,384,386,394,409,423,428,429,430] 
[1,3,20,24,36,39,49,50,56,65,72,73,74,89,96,98,119,120,132,133,142,143,146,148,149,150,154,167,168,169,170,172,175,188,190,192,194,196,201,202,206,219,223,225,237,243,260,264,276,278,290,305,312,313,314,329,336,338,360,372,374,383,384,386,391,421,422,427,428,429,430] 
[1,2,5,23,27,47,50,60,61,65,72,74,81,94,97,102,120,121,123,143,148,153,167,168,171,177,190,192,193,194,207,218,222,231,241,242,243,263,267,288,289,290,309,312,314,321,334,337,342,359,361,363,383,385,386,406,426,429,430] 
[1,3,5,6,17,18,19,23,30,36,37,38,42,48,49,50,59,61,72,75,96,99,102,119,131,134,144,145,146,147,150,155,158,163,168,169,170,182,189,192,194,197,198,200,210,212,237,240,241,242,245,246,252,258,264,267,282,288,290,299,301,312,315,336,338,342,359,371,374,384,386,388,410,426,428,430] 
[1,24,26,48,50,72,74,90,102,113,114,120,144,145,146,147,149,150,152,158,160,166,168,169,170,171,174,175,176,181,182,184,189,192,193,194,218,237,238,241,242,244,246,264,266,288,289,290,312,314,333,341,342,351,355,360,366,384,386,411,423,428,429,430] 
[1,2,3,24,27,50,72,75,92,98,119,132,133,143,145,147,153,157,161,169,177,193,197,205,238,242,264,265,269,308,312,327,334,338,359,363,383,385,390,397,408,421,422,428,429,430] 
[1,2,24,27,51,55,72,88,97,120,123,144,150,155,158,166,171,175,177,190,192,194,206,217,229,230,240,264,267,291,296,311,313,316,337,360,363,384,386,409,424,429,430] 
[1,3,24,52,54,64,71,99,120,151,165,175,189,226,244,264,267,292,294,304,311,318,328,330,339,360,386,396,409,426,427,429,430] 
[1,19,24,27,34,37,43,49,56,72,98,115,120,122,123,144,147,150,157,163,169,172,174,177,189,190,193,194,195,196,217,224,233,260,263,265,267,274,277,286,290,312,313,315,335,337,359,360,363,382,386,404,425,428,429,430] 
[1,6,25,29,49,72,81,93,121,125,126,136,137,145,146,149,155,168,169,174,180,189,193,194,208,210,226,241,265,269,289,312,313,314,321,333,360,361,365,376,378,385,386,409,421,423,428,429,430] 
[1,2,3,20,24,25,27,50,72,73,97,120,121,146,147,153,165,169,171,175,192,203,217,218,219,221,227,233,264,276,278,287,290,310,312,313,315,333,337,360,384,385,417,422,428,429,430] 
[1,3,12,13,14,24,30,36,39,48,50,51,59,63,71,73,75,84,85,95,98,108,111,120,132,134,144,146,147,153,154,158,165,169,170,172,177,182,187,193,194,196,206,212,217,252,255,264,276,279,288,291,311,312,315,323,327,335,337,338,347,350,361,372,375,384,386,388,411,417,424,428,429,430] 
[1,3,8,16,20,24,26,27,32,40,42,47,50,71,73,83,87,96,99,104,112,113,120,122,123,128,136,138,143,144,147,154,169,171,178,182,187,194,196,208,217,226,248,256,258,264,265,268,269,280,284,290,313,327,336,347,352,354,359,361,363,371,376,378,391,418,424,429,430] 
[1,2,3,11,14,24,27,36,37,48,50,60,62,67,72,75,96,97,108,109,119,120,123,132,133,143,144,145,146,147,148,153,157,158,168,174,190,193,194,217,218,224,240,241,242,252,253,263,264,265,266,288,289,290,310,312,315,324,326,336,337,347,349,359,360,362,384,386,407,411,418,428,429,430] 
[1,3,11,14,24,28,35,37,39,46,48,49,50,60,61,72,84,85,87,89,96,97,108,111,120,123,132,134,140,144,145,146,148,149,154,166,173,174,178,191,192,194,197,213,223,231,237,240,242,251,254,263,264,267,276,279,286,290,300,301,311,326,337,347,350,359,360,363,371,375,377,383,386,394,406,414,418,423,424,428,429,430] 
[1,11,14,23,24,26,31,35,37,40,48,50,60,61,72,97,120,122,126,136,144,146,157,172,175,177,264,267,278,288,290,311,338,360,362,371,373,383,386,397,407,422,424,428,429,430] 
[1,2,22,25,47,53,54,61,66,77,78,88,90,96,105,110,114,119,122,134,144,145,148,153,158,166,171,173,177,180,189,192,193,195,199,200,203,219,227,229,235,241,263,286,292,294,304,306,318,325,333,336,359,363,364,378,380,382,384,385,386,389,392,397,410,414,428,429,430] 
[1,3,26,37,72,85,99,119,133,143,145,147,158,166,169,177,182,193,199,205,233,237,240,242,247,253,255,277,319,339,359,372,383,393,412,419,430] 
[1,2,24,48,49,72,97,108,109,120,132,133,144,145,150,158,163,168,169,170,176,188,191,194,218,220,241,264,288,289,312,316,336,337,360,372,373,384,386,397,408,424,426,428,429,430] 
[1,24,29,52,71,80,84,88,120,133,144,147,152,162,168,170,175,189,192,194,208,219,228,239,240,242,256,264,290,311,314,360,376,384,386,411,424,428,429,430] 
