[1,3,33,37,46,58,59,85,88,97,98,99,101,109,121,123,124,131,133,153,156,173,174,180] 
[1,6,31,37,44,48,58,61,86,87,91,94,97,99,107,108,109,123,132,150,152,157,176,180] 
[1,3,9,13,21,23,58,61,70,87,93,97,109,111,112,123,129,132,141,143,179,180] 
[1,4,23,24,35,36,46,47,86,87,95,99,108,111,120,123,124,131,132,133,135,137,139,143,146,149,156,161,180] 
[1,3,5,6,31,37,40,43,48,58,61,86,87,91,95,97,99,107,108,109,123,127,132,150,153,156,162,177,180] 
[1,3,23,38,86,88,97,100,109,111,121,123,131,132,134,161,180] 
[1,3,9,11,13,15,17,20,24,25,26,30,32,34,37,46,55,58,61,70,79,82,85,86,87,89,90,91,97,99,109,124,128,131,133,135,137,141,143,147,150,155,156,157,164,166,167,175,180] 
[1,3,24,28,35,61,66,73,80,86,87,98,99,109,123,132,148,156,159,162,169,174,179,180] 
[1,14,35,36,39,46,62,71,73,74,77,86,87,97,99,100,109,111,121,123,132,140,143,144,155,156,158,168,169,170,173,174,179,180] 
[1,3,18,87,88,89,90,123,124,128,129,131,132,133,150,152,166,169,177,179,180] 
[1,9,11,18,20,45,56,59,69,72,74,77,80,85,87,104,109,123,129,131,132,133,134,140,142,153,167,170,179,180] 
[1,9,14,35,36,46,49,53,57,61,69,73,79,85,86,87,96,99,103,109,111,112,114,120,123,138,155,156,166,169,180] 
[1,3,23,27,33,38,42,50,54,56,66,74,77,80,85,101,109,123,131,133,134,150,162,169,173,176,179,180] 
[1,2,3,5,8,11,17,20,22,25,28,31,33,46,47,49,51,52,55,64,67,76,79,101,102,107,109,110,111,153,166,169,171,172,175,178,179,180] 
[1,8,23,53,61,86,87,95,96,99,108,110,120,123,131,133,151,161,177,180] 
[1,3,12,21,23,25,30,43,44,46,50,52,54,57,60,67,68,70,74,78,102,106,109,130,133,150,163,164,166,174,180] 
[1,3,20,23,26,30,32,34,35,37,38,46,54,58,61,70,78,82,85,87,97,100,107,109,123,131,133,135,143,144,146,150,152,154,156,157,158,166,174,180] 
[1,3,5,6,31,37,40,43,48,58,61,66,86,87,91,95,97,99,103,107,108,109,123,127,131,132,150,155,156,163,177,180] 
[1,13,23,25,26,31,32,35,37,39,46,51,54,58,61,71,74,86,87,89,91,97,99,109,123,134,150,151,152,155,157,166,171,173,177,179,180] 
[1,3,30,31,38,41,87,94,99,109,123,124,131,133,150,158,161,180] 
[1,3,11,14,23,25,30,35,37,85,87,109,131,134,136,155,156,162,170,176,180] 
[1,18,36,44,46,60,63,65,68,70,115,117,130,132,153,154,155,161,162,164,166,178,179,180] 
[1,8,16,28,46,49,51,58,61,70,73,75,83,86,87,100,110,122,123,128,130,131,132,133,136,143,148,166,169,170,180] 
[1,11,12,26,35,36,60,63,87,93,97,99,109,111,112,123,125,131,133,134,146,155,159,180] 
[1,3,24,26,28,34,36,46,47,49,50,65,71,73,74,85,87,97,99,109,111,112,113,115,121,123,130,144,148,154,156,165,167,170,178,179,180] 
[1,11,12,14,41,48,61,62,63,65,73,74,86,87,88,90,92,93,99,102,123,125,127,128,132,133,134,162,168,173,175,180] 
[1,2,6,31,49,53,56,61,65,73,77,80,87,97,99,109,111,121,129,131,132,133,142,150,155,156,157,158,166,171,179,180] 
[1,13,23,24,31,35,36,41,49,53,61,65,73,76,83,87,95,99,109,123,132,133,143,144,153,156,161,169,175,180] 
[1,3,17,27,36,86,180] 
[1,3,14,17,18,19,23,24,31,32,35,36,41,44,46,49,53,61,65,68,70,86,87,90,91,96,98,99,101,102,103,109,122,123,124,126,131,133,138,139,143,144,161,164,165,179,180] 
[1,3,9,11,12,14,24,25,29,37,38,41,49,50,53,55,58,61,62,65,73,85,87,97,99,109,123,131,133,137,138,143,145,158,161,169,175,180] 
[1,8,29,58,62,66,67,82,85,87,99,109,123,131,133,134,149,169,174,179,180] 
[1,3,11,14,23,25,30,35,36,82,85,87,109,131,134,143,145,150,155,156,162,170,179,180] 
[1,3,4,19,23,35,36,86,97,99,109,111,116,121,123,124,126,132,133,155,157,180] 
[1,3,19,31,59,65,83,86,87,91,97,99,109,123,129,133,143,148,150,158,176,179,180] 
