[1,49,72,74,92,118,128,148,156,180,192,201,229,268,272,278,299,303,306] 
[1,4,45,72,75,90,118,127,148,157,192,200,205,270,284,289,297,300,301,304,306] 
[1,46,65,71,75,80,85,118,127,148,157,191,201,207,226,263,268,279,290,296,304,306] 
[1,10,24,47,67,72,74,86,118,126,148,157,168,176,181,192,204,228,266,280,297,304,306] 
[1,10,24,49,73,74,91,106,118,127,136,157,172,202,205,228,265,271,279,298,304,306] 
[1,71,75,95,103,118,129,148,157,192,200,211,278,284,286,294,298,300,301,304,306] 
[1,24,47,72,75,94,109,118,126,128,136,148,157,185,200,219,250,256,261,277,280,297,301,306] 
[1,2,24,47,67,72,74,79,83,85,118,127,148,157,167,176,181,192,204,228,266,280,297,301,304,306] 
[1,53,75,83,95,100,116,126,146,156,194,202,209,268,282,285,297,301,304,306] 
[1,17,24,41,51,69,72,74,83,91,101,118,126,150,157,171,175,201,204,221,228,245,255,279,295,296,299,301,304,306] 
[1,3,47,72,74,94,100,113,118,123,144,148,150,153,164,192,200,229,231,258,269,277,306] 
[1,10,53,71,72,74,75,87,94,109,111,115,129,139,141,147,157,169,181,182,205,221,235,263,268,271,280,282,283,284,300,301,305,306] 
[47,71,72,74,94,110,111,120,126,145,148,156,169,180,187,191,200,209,226,246,250,268,279,292,297,304,306] 
[1,10,46,66,75,84,96,106,118,127,148,157,179,192,199,213,247,272,282,297,299,301,304,305,306] 
[1,47,89,115,126,143,156,169,188,199,225,241,277,304,306] 
[1,2,21,47,72,75,82,89,108,119,128,149,159,169,171,183,194,217,225,271,278,285,296,304,306] 
[1,24,39,46,59,71,72,74,95,100,112,127,131,156,172,179,201,208,226,257,265,270,274,280,286,296,301,304,306] 
[1,46,53,72,74,91,118,125,148,155,198,206,217,271,280,304,305,306] 
[1,43,64,67,71,75,85,191,200,269,277,286,297,301,306] 
[1,17,22,39,65,72,73,76,91,100,110,124,134,156,175,179,198,199,202,207,221,229,243,248,262,267,280,286,297,300,301,306] 
[1,37,53,64,71,74,85,87,94,106,125,130,201,208,256,272,279,303,306] 
[1,25,47,71,74,78,81,91,96,109,111,118,127,148,157,169,195,201,227,263,280,291,298,304,306] 
[1,24,47,67,71,74,79,82,85,118,127,148,157,159,176,181,192,202,204,229,246,265,280,297,301,304,306] 
[1,47,72,74,75,95,109,118,126,148,156,163,168,175,179,187,200,208,229,271,280,298,305,306] 
[1,46,71,75,87,95,103,118,126,149,157,175,179,187,192,200,213,278,305,306] 
[1,45,71,75,96,100,118,126,139,148,156,172,182,191,200,257,261,277,283,286,296,303,304,306] 
[1,10,65,71,74,91,99,109,111,118,126,148,156,169,180,201,229,277,281,298,304,306] 
[1,10,42,65,71,74,90,96,98,100,110,121,127,145,150,157,176,192,200,205,241,245,256,277,281,286,292,304,306] 
[1,46,70,74,90,97,118,125,148,157,187,196,206,267,298,299,301,304,306] 
[1,47,72,74,91,115,127,145,157,192,199,205,271,281,286,297,303,304,306] 
[1,30,45,72,74,88,112,126,145,155,175,180,201,208,251,268,297,304,306] 
[1,16,25,37,47,72,74,79,80,91,105,106,118,127,148,157,180,188,191,200,211,228,259,271,279,297,300,301,304,306] 
[1,46,65,72,73,74,91,93,96,100,105,112,126,148,156,168,169,178,184,191,192,193,201,205,226,269,279,286,297,301,306] 
[1,64,71,75,96,97,120,147,151,156,195,196,197,199,204,206,244,265,280,283,292,300,301,302,305,306] 
[1,10,59,62,72,74,91,110,146,148,157,169,198,199,205,226,277,297,300,301,303,304,306] 
[1,65,70,72,74,91,116,159,167,169,171,181,198,201,250,261,278,286,296,303,304,305,306] 
[1,47,51,59,72,74,75,91,118,125,148,155,175,192,201,205,271,279,282,285,297,305,306] 
[1,22,47,63,72,74,81,90,109,111,115,116,118,127,129,133,134,139,140,146,148,157,191,201,207,231,238,271,277,285,286,288,298,300,301,305,306] 
[1,18,23,41,48,72,74,91,118,127,149,157,202,207,244,261,279,304,306] 
[1,47,72,74,89,102,118,145,156,191,201,205,226,257,265,279,288,297,300,301,304,306] 
[1,24,53,72,74,84,87,95,118,127,148,157,173,190,193,207,224,226,272,279,297,304,306] 
[1,53,71,75,85,87,90,110,118,125,148,156,175,187,191,198,201,205,277,281,298,300,301,303,304,306] 
