[1,4,6,9,12,13,15,17,18,21,23,24,25,26,27,30,33,48,50,51,54,61,64,65,69,71,74,75,78,81,84,85,88,97,98,100,103,104,105,106,109,113,114,116,120,123,126,128,129,132,133,135,137,141,143,144,146,147,150,153,164,168,169] 
[1,3,4,6,8,9,12,16,19,21,23,26,31,33,48,55,57,74,91,93,97,98,99,101,105,106,109,110,116,117,118,120,122,124,126,129,133,136,146,152,153,158,161,169] 
[1,3,9,12,14,18,20,23,24,26,27,30,32,36,38,44,46,49,50,51,57,60,62,71,75,78,81,84,86,88,97,98,105,108,110,111,116,117,118,120,122,123,128,135,143,147,153,160,161,165,168,169] 
[1,13,16,24,26,36,39,45,48,68,71,76,93,97,103,105,109,114,116,121,125,143,146,157,159,168,169] 
[1,20,23,27,48,57,68,71,75,94,101,110,120,129,136,148,168,169] 
[1,10,24,26,33,49,58,62,64,72,74,81,97,98,115,118,120,124,134,136,144,146,154,169] 
[1,20,24,26,45,48,52,68,72,76,93,117,120,122,140,144,146,165,169] 
[1,4,20,23,27,44,48,49,50,52,68,71,75,92,97,120,122,124,129,140,143,148,164,168,169] 
[1,6,9,12,16,18,21,23,26,28,30,32,33,36,40,42,45,48,54,58,60,63,66,68,71,74,84,88,97,105,109,111,112,117,119,120,121,122,129,132,135,138,140,143,146,150,153,161,162,165,169] 
[1,12,13,17,25,35,36,37,41,49,52,54,57,61,65,66,69,71,73,78,81,97,98,99,100,102,103,120,124,132,133,137,140,153,169] 
[1,4,27,48,69,72,75,97,120,123,138,169] 
[1,4,34,48,52,63,82,97,120,124,140,158,169] 
[1,2,7,9,23,26,31,33,48,55,58,69,71,74,96,120,122,123,124,127,129,138,143,146,162,169] 
[1,4,6,9,24,25,41,42,44,48,50,52,78,81,90,92,94,97,98,99,102,105,108,112,114,115,118,120,122,124,126,131,138,140,143,147,150,153,162,164,166,169] 
[1,4,15,23,38,47,48,49,57,71,74,84,85,97,98,108,110,114,119,122,124,132,133,143,146,150,152,168,169] 
[1,4,12,15,19,20,23,27,43,44,47,49,52,61,63,68,72,75,84,86,90,92,95,97,98,101,120,124,132,135,138,140,143,146,148,163,165,169] 
[1,5,12,14,23,26,49,53,65,73,74,96,98,108,112,114,134,160,169] 
[1,3,4,5,9,11,15,16,23,25,31,34,37,40,47,50,57,59,64,66,75,76,78,88,95,97,98,99,108,109,110,111,115,116,117,120,121,129,131,136,139,140,147,150,154,161,168,169] 
[1,4,6,9,11,16,19,21,24,26,40,48,49,50,52,54,56,60,62,64,67,69,72,74,78,80,84,86,96,97,98,104,110,111,114,116,117,118,120,121,122,129,131,136,139,141,144,146,161,162,165,168,169] 
[1,4,13,15,21,23,26,44,48,68,71,76,93,97,121,124,143,146,148,164,168,169] 
[1,21,24,27,49,51,60,68,75,97,108,110,120,122,140,164,168,169] 
[1,9,12,16,23,26,33,36,38,40,42,44,49,57,61,63,71,74,78,81,88,90,92,96,97,98,99,111,112,117,118,120,121,122,124,129,133,135,138,140,143,145,146,148,157,158,163,164,168,169] 
[1,2,12,16,23,26,48,49,50,60,64,71,74,97,98,120,122,140,143,146,168,169] 
[1,2,4,24,25,38,43,44,47,48,52,68,72,73,86,91,92,95,103,104,106,109,112,114,117,119,121,122,147,158,161,164,167,168,169] 
[1,16,24,26,48,63,97,98,120,136,159,169] 
[1,2,6,9,21,42,45,48,59,61,68,99,103,106,109,111,115,117,119,120,124,126,129,131,133,138,140,146,169] 
[1,16,23,26,48,64,71,74,97,120,121,135,143,146,160,168,169] 
[1,2,4,6,8,9,10,11,12,13,15,19,20,23,24,25,26,48,49,50,51,52,54,56,61,65,66,68,72,74,85,91,92,95,96,97,98,99,103,105,108,110,111,112,114,115,117,118,119,120,121,122,123,126,129,139,140,143,146,157,163,164,167,168,169] 
[1,4,12,13,19,20,23,26,33,36,38,43,44,48,49,51,62,66,68,71,73,96,97,100,102,106,108,111,112,114,117,118,120,121,123,126,129,132,133,139,140,144,146,163,164,168,169] 
[1,4,20,23,29,41,48,52,60,63,77,115,120,122,132,136,151,169] 
[1,2,3,4,7,11,15,18,23,26,36,40,48,49,51,52,59,63,66,71,73,74,97,98,103,110,112,116,120,121,122,124,130,131,134,136,138,143,145,146,147,148,163,164,168,169] 
[1,20,48,68,97,120,124,140,169] 
[1,4,18,23,26,49,57,71,74,97,120,122,138,143,146,169] 
[1,20,24,25,26,45,49,52,61,66,68,71,73,74,83,93,97,103,104,106,108,110,112,114,118,120,122,128,129,134,136,138,140,144,146,150,153,159,162,165,169] 
[1,2,12,16,23,26,48,50,60,64,71,74,97,98,120,122,140,143,146,168,169] 
[1,7,21,23,26,41,43,45,49,58,69,71,74,96,97,99,100,105,106,116,120,123,141,143,146,165,169] 
[1,2,3,4,10,11,19,20,23,26,28,30,33,36,40,43,44,48,49,51,52,54,58,60,66,67,68,71,74,93,96,97,98,99,104,107,109,110,113,116,119,120,124,126,127,130,132,136,138,139,140,143,146,153,162,164,168,169] 
[1,4,20,23,29,32,37,42,44,46,48,52,60,63,68,70,77,85,115,120,122,124,126,132,135,139,140,143,149,165,167,169] 
[1,4,20,23,29,41,48,52,60,63,77,85,115,120,122,132,136,149,169] 
[1,4,6,7,11,16,19,20,23,27,48,55,68,71,75,97,109,115,116,120,124,135,140,143,148,164,169] 
