[1,8,12,20,24,32,37,44,48,53,62,73,86,97,118,122,144,147,151,160,169,176,181,193] 
[1,8,10,31,34,49,54,58,71,82,95,114,122,128,144,149,154,169,172,178,193] 
[1,8,13,20,25,32,37,44,48,61,69,85,95,111,119,142,145,157,166,169,181,192,193] 
[1,12,82,95,137,148,193] 
[1,8,13,20,25,32,37,44,48,55,59,72,79,96,119,128,153,169,176,181,193] 
[1,5,8,12,16,20,24,29,32,36,44,51,59,71,80,97,109,115,127,134,140,145,152,171,179,192,193] 
[1,8,12,20,25,32,36,43,44,49,53,58,73,82,96,110,138,143,148,154,169,178,193] 
[1,25,32,83,97,106,145,157,166,179,193] 
[1,8,13,20,25,32,58,69,80,115,126,165,176,192,193] 
[1,8,10,31,34,49,54,58,71,81,95,114,122,127,144,149,154,169,172,178,192,193] 
[1,8,13,20,25,32,37,42,44,50,58,71,80,95,121,127,135,147,154,167,178,193] 
[1,55,73,78,99,150,169,174,193] 
[1,8,12,20,36,44,48,54,73,78,96,99,128,140,150,168,175,192,193] 
[1,8,13,20,24,32,37,44,48,55,70,76,80,93,95,104,117,151,156,166,170,175,192,193] 
[1,8,10,48,55,58,69,82,95,120,154,165,173,178,192,193] 
[1,24,32,43,47,55,69,79,83,93,100,109,113,127,137,148,158,165,175,192,193] 
[1,44,48,53,72,76,93,143,147,167,176,193] 
[1,2,8,12,20,25,32,37,44,49,52,61,71,82,97,112,121,136,148,158,167,169,172,182,193] 
[1,3,8,12,20,36,44,58,70,76,102,113,119,125,133,150,154,166,170,178,192,193] 
[1,39,44,48,57,69,81,95,113,137,143,153,165,177,192,193] 
[1,8,13,18,24,32,37,44,48,52,72,77,85,95,119,128,134,146,152,167,178,193] 
[1,8,12,19,20,24,29,32,37,42,44,58,71,80,95,108,116,120,122,135,151,167,175,193] 
[1,5,12,20,24,33,35,39,44,48,55,70,80,95,104,111,125,135,145,152,166,175,180,192,193] 
[1,48,53,69,79,95,104,112,127,135,143,145,151,165,178,192,193] 
[1,17,18,20,32,39,44,48,55,70,78,96,119,122,141,146,152,168,172,180,192,193] 
[1,8,12,20,24,30,36,40,42,49,60,73,80,107,119,121,134,148,157,169,181,193] 
[1,8,12,14,20,24,32,37,44,48,55,61,72,85,113,119,128,141,151,157,168,180,193] 
[1,8,12,18,20,24,26,44,47,58,72,80,95,116,127,131,142,147,154,167,175,193] 
[1,11,24,32,37,57,73,79,96,116,128,138,147,153,168,174,193] 
[1,8,12,20,25,32,36,44,48,55,72,79,95,113,116,118,122,128,142,151,167,175,193] 
[1,2,8,12,20,25,32,37,44,48,60,71,79,84,95,114,145,154,167,175,193] 
[1,8,12,20,24,30,31,36,42,43,47,49,55,59,73,82,97,141,148,151,159,167,177,193] 
[1,6,8,12,25,32,37,49,51,56,70,80,95,104,115,147,152,169,174,179,189,193] 
[6,8,12,18,20,24,30,32,41,44,70,80,95,97,114,122,132,140,146,151,166,172,192,193] 
[1,12,43,56,72,79,95,137,148,193] 
[1,2,8,12,20,25,32,37,44,48,53,61,69,83,97,104,112,126,136,145,155,169,179,193] 
[1,59,70,79,95,117,144,145,154,166,177,192,193] 
[1,24,32,43,47,55,69,79,95,101,109,113,127,137,143,146,151,175,192,193] 
[1,7,8,11,15,20,27,33,38,43,45,51,55,85,114,137,144,145,156,193] 
[1,8,12,20,24,32,33,44,48,55,71,78,85,95,119,122,143,148,157,167,175,181,192,193] 
[1,60,72,81,95,120,134,143,156,169,176,193] 
[1,2,8,12,20,25,32,37,44,48,58,71,76,95,104,117,122,127,157,167,173,188,193] 
[1,8,13,20,24,32,37,44,48,55,62,71,79,86,95,111,115,120,128,138,151,158,165,175,193] 
[1,8,13,20,25,32,49,61,69,82,96,111,121,122,128,141,146,150,156,166,181,193] 
[1,49,51,56,70,78,97,152,167,175,193] 
[1,8,13,20,25,32,36,44,49,58,72,75,80,95,117,122,142,147,151,168,171,176,189,193] 
[8,15,20,25,32,39,44,49,55,58,71,81,97,111,122,141,145,151,167,177,193] 
[1,48,56,96,156,193] 
[1,7,8,15,20,27,33,38,43,46,51,55,85,113,120,127,137,144,145,156,193] 
[1,8,13,20,25,32,37,43,49,55,69,76,95,117,147,151,165,172,193] 
