[1,12,14,19,35,61,67,73,74,79,91,106,133,146,181,192,211,229,256,262,266,272,283,300,312,330,338,340,380,384,407,414,418,438,455,464,467,470,476,527,551,572,583,595,613,637,649,664,668,673] 
[14,33,44,48,70,74,80,120,146,187,200,240,261,266,312,338,381,387,451,471,529,543,548,574,578,624,644,652,664,668,673] 
[1,15,29,86,102,147,180,188,200,222,261,266,277,294,339,373,435,440,456,461,471,526,571,584,605,651,664,668,673] 
[1,8,25,26,35,44,48,63,69,75,121,132,145,181,186,192,259,287,289,290,301,303,338,373,384,386,399,405,412,414,423,434,447,459,464,481,516,534,546,552,561,573,579,611,615,641,660,663,667,673] 
[1,46,67,74,98,106,139,146,181,227,260,266,278,300,314,331,338,373,380,386,405,410,427,443,453,463,477,482,527,545,546,579,595,612,626,646,654,659,660,668,673] 
[47,69,74,118,140,146,181,191,194,237,262,266,310,333,338,373,383,386,410,430,466,481,526,549,576,578,623,647,654,664,668,672] 
[1,18,44,48,69,75,121,147,182,189,200,210,236,240,263,266,313,339,374,381,386,458,527,542,550,579,620,624,650,660,668,673] 
[1,23,37,48,63,74,92,135,146,187,240,255,266,327,335,340,373,472,527,560,578,624,663,668,673] 
[1,14,37,67,75,86,102,116,137,145,188,206,229,320,329,337,373,405,416,453,470,527,561,566,584,617,632,641,651,664,668,673] 
[1,23,44,48,69,74,126,147,182,189,242,282,308,312,337,339,374,381,386,405,423,482,527,542,549,579,620,624,650,660,668,673] 
[1,24,38,67,75,96,112,139,146,186,191,194,217,218,241,259,267,289,290,308,331,338,381,384,386,399,429,442,456,482,526,529,542,549,573,579,601,602,651,655,656,657,662,663,668,673] 
[1,18,64,73,90,145,187,210,338,379,481,527,594,652,668,673] 
[67,73,74,84,91,145,184,257,276,366,405,423,440,462,481,526,625,644,649,650,651,657,664,668,673] 
[14,20,30,89,146,179,187,194,206,213,225,271,337,359,379,384,386,406,416,453,464,525,531,542,553,573,577,578,590,597,608,621,638,644,649,650,657,660,668,673] 
[14,33,44,48,70,74,80,120,146,187,200,240,261,266,312,338,381,387,451,471,529,543,548,574,578,624,651,664,668,673] 
[63,70,74,111,140,146,187,256,278,288,305,332,338,382,458,471,526,559,585,604,615,626,642,663,668,673] 
[45,86,117,143,182,237,265,300,339,376,481,528,578,621,651,668,673] 
[1,67,80,148,188,257,272,300,337,380,433,452,481,527,561,579,648,668,673] 
[1,22,67,74,104,139,146,188,207,216,278,288,331,338,379,482,528,584,649,673] 
[1,8,11,44,47,69,74,108,147,181,189,195,239,260,266,311,339,374,454,464,482,527,572,579,609,620,623,650,663,668,673] 
[1,25,26,48,70,72,74,97,98,133,144,145,147,181,192,195,217,218,256,262,264,266,276,289,290,312,333,338,339,380,398,404,461,529,573,584,601,602,612,623,651,658,663,666,668,673] 
[1,69,74,109,124,139,145,187,220,228,241,259,264,266,277,299,313,331,339,372,472,526,529,547,591,612,614,651,663,668,673] 
[3,65,74,146,181,188,194,216,261,266,338,373,473,530,576,579,651,664,668,673] 
[48,69,74,120,146,187,240,261,266,312,339,379,482,530,624,650,663,667,668,673] 
[1,6,14,25,26,36,49,51,63,74,86,105,121,126,146,186,192,203,213,227,278,286,304,335,339,378,384,388,395,403,409,423,432,440,450,468,496,506,521,531,537,542,561,569,573,590,617,625,636,655,656,660,662,663,664,668,673] 
[1,8,24,29,69,74,86,96,101,120,139,146,189,200,216,221,256,260,267,278,288,293,312,315,331,338,381,387,403,410,451,482,527,545,553,569,575,584,601,605,624,631,643,650,662,668,673] 
[1,48,72,74,118,146,188,206,239,264,266,276,292,312,337,380,387,467,482,527,577,578,623,651,664,668,673] 
[1,24,45,48,64,69,75,117,147,182,188,242,286,309,312,334,335,339,374,380,387,405,423,455,458,527,542,549,561,579,585,601,602,619,624,649,660,664,668,673] 
[1,47,68,72,74,100,109,117,145,182,183,189,194,216,228,264,320,332,337,373,383,386,405,410,452,469,527,530,542,552,583,604,612,623,644,664,669,673] 
[36,67,74,147,190,239,259,266,327,338,382,455,471,527,584,639,663,668,673] 
[3,23,51,65,74,83,123,135,147,188,315,327,337,380,387,455,472,527,560,601,602,649,665,668,673] 
[1,36,67,74,120,146,181,227,338,381,482,527,542,573,578,673] 
[1,48,69,75,116,120,135,145,182,212,258,266,323,338,373,521,578,624,644,651,663,668,673] 
[1,8,36,44,67,75,80,117,139,146,192,195,206,217,218,228,283,331,338,379,384,386,448,471,526,553,576,579,590,601,603,625,643,651,658,660,665,668,673] 
[1,65,75,138,146,187,330,338,379,423,455,482,525,573,579,614,632,649,660,668,673] 
[1,22,39,64,70,74,147,187,214,231,252,339,379,470,527,574,579,612,614,621,648,663,668,673] 
[1,14,18,37,39,49,65,74,86,92,108,116,139,145,210,228,230,288,327,339,384,386,421,429,440,524,555,590,606,612,615,626,643,647,650,668,673] 
[1,45,63,74,118,147,180,239,259,267,306,337,373,443,451,486,526,561,621,663,668,673] 
[53,70,74,120,141,146,187,227,261,267,312,338,377,455,482,527,533,550,584,624,648,662,663,668,673] 
[69,74,147,189,261,266,327,337,380,454,472,527,579,639,673] 
[1,30,65,74,91,104,143,180,189,194,211,217,257,267,283,294,337,371,381,386,482,522,527,529,541,549,567,577,578,627,649,661,664,668,673] 
[1,147,188,202,230,339,380,482,527,550,569,587,647,658,662,664,668,673] 
[1,51,64,72,74,132,139,147,187,200,213,217,218,261,267,329,339,373,477,482,526,584,597,651,663,668,673] 
[48,67,74,120,139,146,187,200,209,231,241,261,266,312,330,338,372,462,527,565,579,615,625,648,663,668,673] 
[47,74,120,143,187,191,194,239,264,266,311,335,378,387,451,481,527,573,578,623,647,662,668,673] 
[1,3,37,39,70,74,121,146,182,261,266,313,338,374,422,430,469,527,648,663,668,673] 
[1,3,5,69,91,108,121,136,146,188,195,230,279,305,313,328,338,372,380,383,387,408,413,434,447,471,492,504,517,534,548,558,570,573,579,590,612,642,650,651,657,662,668,673] 
[1,69,74,147,190,195,258,266,276,337,382,387,487,526,574,578,606,647,668,673] 
[1,45,69,74,131,141,147,187,252,261,267,301,312,323,338,381,447,456,482,527,573,579,595,629,637,652,668,673] 
[1,12,18,19,32,36,37,42,63,69,73,74,83,89,91,104,109,133,147,187,194,204,327,339,351,372,380,383,387,402,413,431,441,450,456,465,477,482,527,531,559,571,577,578,615,623,626,646,654,656,657,659,660,662,663,665,668,673] 
[1,29,46,68,75,92,100,147,188,296,310,339,373,415,429,453,463,527,550,576,578,606,617,628,647,651,663,668,673] 
[1,17,69,74,140,146,188,260,266,305,332,338,380,471,527,559,579,617,650,663,668,673] 
[14,24,69,74,96,141,146,182,194,309,337,373,387,454,464,482,527,564,574,580,601,602,651,658,663,667,668,673] 
[136,194,301,328,339,380,386,402,410,449,463,482,527,531,577,578,638,649,665,668,673] 
[1,45,69,74,120,139,146,181,187,194,289,332,338,374,380,387,420,426,439,478,527,577,578,621,649,660,665,668,673] 
[1,14,20,68,74,145,186,255,261,266,278,286,337,379,384,386,407,410,455,458,470,524,547,559,572,576,578,590,600,638,657,663,668,673] 
[65,70,74,104,146,188,222,248,257,262,266,338,380,429,482,528,560,578,608,649,663,667,673] 
[1,22,28,65,74,94,98,135,143,185,200,214,218,256,266,285,293,327,338,377,426,433,482,526,530,551,571,578,646,654,659,663,668,673] 
[1,23,44,48,64,70,74,102,116,120,139,146,182,188,191,195,293,308,312,326,339,380,383,387,407,410,429,446,450,455,458,479,482,526,574,579,582,584,601,620,624,640,651,660,664,667,673] 
[1,19,36,44,47,68,74,92,108,116,119,139,146,179,187,211,228,236,239,260,272,290,300,307,311,333,338,372,429,440,454,465,482,527,541,550,583,602,612,620,623,649,665,668,673] 
[1,63,74,111,130,145,181,259,266,278,337,373,429,446,453,482,527,573,578,644,663,668,673] 
[1,63,86,104,141,146,182,189,200,224,262,266,296,332,338,374,431,470,477,482,527,540,550,584,643,664,668,673] 
[1,48,67,74,120,139,146,188,240,259,266,302,312,331,338,379,423,453,470,481,527,533,552,579,600,614,624,647,663,667,668,673] 
