[1,2,48,52,96,99,122,134,175,176,177,182,252,301] 
[1,48,50,54,61,62,66,73,96,98,120,121,122,127,133,150,156,164,168,170,175,176,179,180,181,227,252,276,297,301] 
[1,2,5,23,46,52,61,71,94,106,122,131,143,152,156,160,175,177,179,181,182,205,226,232,252,286,295,297,300,301] 
[1,3,45,58,61,66,70,93,106,115,117,122,123,135,146,152,156,159,162,164,170,175,176,179,181,208,227,238,245,249,253,276,279,301] 
[1,45,61,79,80,85,93,99,121,132,134,135,136,147,148,151,171,175,176,179,181,227,230,240,266,273,279,301] 
[1,3,45,50,66,70,93,97,122,128,139,150,156,163,164,174,177,179,181,225,229,231,250,274,280,301] 
[1,48,70,93,110,115,121,122,130,134,146,157,161,175,177,178,181,182,228,242,247,274,290,295,301] 
[1,44,48,50,58,66,70,92,95,99,114,117,121,133,148,151,163,174,180,181,225,232,247,250,275,280,301] 
[1,5,45,49,93,97,121,122,135,175,176,182,301] 
[1,19,36,38,47,50,51,52,72,74,98,102,120,122,125,134,141,145,155,158,175,176,181,184,205,215,218,226,229,236,252,261,301] 
[1,26,46,58,60,70,93,97,100,112,122,125,135,139,147,156,160,168,170,175,176,180,181,190,206,219,228,231,233,239,244,250,274,277,279,281,297,301] 
[1,48,57,72,96,114,122,136,139,142,156,167,168,174,175,176,181,186,229,232,249,277,280,294,300,301] 
[1,7,45,70,98,101,118,122,125,132,148,150,154,160,162,175,177,179,181,187,227,234,246,248,276,282,301] 
[1,43,47,50,55,58,72,94,98,120,122,123,126,134,152,155,163,172,175,176,179,181,226,229,253,273,286,299,301] 
[1,2,3,5,9,12,17,24,27,33,36,39,46,52,53,60,64,71,82,84,88,92,99,101,106,108,113,118,122,124,136,140,141,148,155,163,165,176,177,179,181,182,183,184,192,197,204,214,216,219,225,229,231,233,240,245,282,301] 
[1,2,35,38,45,52,56,68,91,96,105,116,121,122,123,134,147,151,156,158,167,174,175,176,177,179,180,181,182,225,228,230,250,271,276,285,298,301] 
[1,48,73,96,98,121,122,127,133,150,156,164,168,170,175,176,180,181,227,252,276,298,301] 
[1,48,51,61,70,95,100,122,133,140,150,156,164,174,175,177,180,181,190,248,289,301] 
[1,45,69,93,118,121,137,174,176,182,225,249,273,296,301] 
[1,32,39,47,57,73,79,86,94,104,114,115,121,134,174,177,179,181,186,212,219,227,229,231,238,253,260,267,273,276,280,284,294,301] 
[1,7,44,51,55,61,92,97,99,122,135,145,156,161,166,171,174,181,211,227,231,248,250,272,277,279,296,298,301] 
[1,49,50,73,85,88,95,98,121,128,134,137,139,149,151,157,161,173,175,176,177,179,181,182,208,227,229,230,240,243,276,279,301] 
[1,2,26,45,62,93,109,121,134,141,146,151,170,175,177,179,181,194,228,240,275,288,301] 
[1,27,32,44,49,52,73,92,100,121,134,157,173,174,175,176,180,181,189,224,250,272,277,280,283,288,301] 
[1,4,26,48,51,93,96,100,105,122,125,135,144,147,151,157,159,163,165,174,177,180,181,184,228,230,276,278,301] 
[1,36,46,51,53,56,59,63,66,70,93,97,98,108,111,113,118,120,121,122,123,134,135,138,139,143,147,150,152,155,157,159,162,163,165,167,171,174,175,176,179,180,181,226,231,233,246,250,273,277,278,288,291,293,294,296,300,301] 
[1,2,23,25,44,53,68,69,92,96,98,116,117,121,122,123,134,135,136,139,148,156,161,164,170,175,176,177,179,180,181,182,224,232,254,272,281,296,298,301] 
[1,119,175,176,287,301] 
[1,12,13,31,33,39,48,52,54,56,90,96,100,115,120,122,124,131,134,135,137,139,141,145,146,151,152,156,158,169,170,175,176,179,180,181,183,211,213,218,228,232,234,236,276,280,295,300,301] 
[1,43,73,93,106,114,121,122,135,156,158,174,176,179,181,223,253,270,294,301] 
[1,23,25,28,29,40,42,47,49,50,68,73,88,89,96,97,98,102,109,122,126,134,141,143,145,146,157,159,162,169,170,175,176,181,208,209,220,224,227,232,241,253,276,277,278,284,294,301] 
[1,30,58,72,106,121,123,134,175,176,180,181,238,265,268,301] 
[1,2,46,52,94,100,109,122,130,137,154,168,175,176,180,181,182,227,232,275,280,286,301] 
[1,6,13,17,48,50,53,96,98,101,110,111,122,123,135,175,176,180,181,186,193,197,206,228,230,233,243,245,251,276,278,282,290,291,301] 
[1,25,45,57,65,73,93,102,113,121,135,175,176,180,181,225,253,273,301] 
[1,33,53,55,69,70,92,117,118,121,134,151,170,175,181,214,227,259,273,297,298,301] 
[1,2,49,51,73,97,99,100,120,121,122,135,136,141,143,145,153,155,156,159,160,165,166,171,174,177,178,179,180,181,182,207,229,231,235,253,277,279,281,300,301] 
[1,23,47,61,95,100,121,137,175,176,180,181,225,248,273,301] 
[1,2,3,4,14,17,25,35,38,46,49,50,52,70,72,82,86,94,97,98,99,113,121,122,123,124,125,131,132,134,137,138,148,150,151,152,159,160,162,168,172,174,175,176,180,181,182,183,185,194,197,200,202,206,214,218,219,226,229,230,232,233,274,277,278,279,301] 
[1,2,3,26,48,50,52,55,60,66,74,93,103,108,114,121,122,129,134,143,147,154,159,163,167,171,172,175,176,179,181,182,183,228,230,232,234,240,274,276,278,279,280,283,288,301] 
[1,46,69,94,111,122,135,175,176,181,226,250,274,293,301] 
[1,31,38,46,51,61,64,72,80,86,90,96,99,117,121,136,142,149,166,175,176,179,181,211,218,222,228,231,241,243,249,263,265,266,267,276,279,291,301] 
[1,45,73,97,99,121,122,127,134,180,182,205,229,231,253,277,279,301] 
[1,39,62,64,88,96,98,100,115,122,134,148,158,160,163,165,172,175,176,179,181,182,199,228,231,250,251,272,279,295,301] 
[1,2,6,24,64,69,74,92,99,101,113,116,121,122,125,129,134,139,140,144,146,151,152,167,170,174,175,176,179,180,181,182,206,225,231,242,249,252,276,278,293,296,301] 
