[1,23,49,60,71,109,156,180] 
[1,23,35,37,46,49,60,72,73,79,83,85,95,109,126,131,133,143,145,155,164,168,169,179,180] 
[1,5,12,14,23,24,32,35,38,42,45,47,48,49,60,69,72,73,78,79,84,85,89,95,96,104,111,133,138,139,144,145,156,157,162,164,168,169,179,180] 
[1,3,6,7,10,14,21,24,32,33,38,45,48,49,60,65,72,74,75,78,79,82,84,85,86,93,96,102,112,114,118,121,130,131,133,138,139,144,145,153,156,164,165,168,169,177,180] 
[1,6,7,11,13,23,35,37,46,48,49,60,72,74,78,80,82,84,85,92,95,98,104,109,134,138,141,145,156,158,162,164,166,167,168,169,171,175,179,180] 
[1,12,13,22,23,25,46,48,49,60,71,72,73,83,85,94,96,97,100,104,108,131,133,143,145,154,155,157,167,169,175,179,180] 
[1,10,23,48,49,72,95,97,112,142,155,179,180] 
[1,6,22,26,45,48,49,60,71,73,94,96,97,109,143,154,161,177,178,179,180] 
[1,23,35,37,46,49,60,72,74,86,95,109,131,133,156,164,168,169,180] 
[1,6,24,29,44,49,60,63,71,72,73,74,95,97,104,132,133,138,156,160,176,180] 
[1,3,6,7,12,13,16,24,37,45,48,49,60,67,72,79,84,85,93,96,97,98,104,121,134,138,139,144,145,156,159,168,169,177,179,180] 
[1,12,13,24,36,37,47,48,49,60,70,71,84,85,93,96,97,100,104,129,138,140,141,144,145,156,157,162,163,168,169,179,180] 
[1,3,6,7,12,13,23,24,25,30,31,35,36,37,47,48,49,60,61,64,66,70,71,72,73,74,78,79,84,85,93,95,96,97,104,133,137,138,139,142,144,145,156,157,158,159,161,162,163,168,169,179,180] 
[1,4,6,7,21,24,25,27,31,45,48,49,71,72,73,76,78,79,90,92,96,97,101,111,128,132,134,135,138,139,144,145,153,156,157,159,163,168,169,174,176,180] 
[1,2,6,7,12,13,17,22,24,25,26,29,31,32,36,37,48,49,52,55,56,60,61,71,73,77,79,81,84,85,87,95,96,97,104,132,134,138,139,141,144,145,153,156,157,162,163,164,168,169,173,176,179,180] 
[1,12,24,26,46,48,49,51,55,57,60,67,72,77,94,96,97,104,121,132,133,155,156,158,177,180] 
[1,5,12,14,22,24,25,47,49,51,55,60,72,74,79,84,86,96,104,132,133,138,139,144,146,154,164,167,170,179,180] 
[1,6,8,11,24,25,30,31,33,36,41,48,49,60,72,73,74,78,79,84,85,89,96,109,127,133,134,144,145,156,162,164,175,177,179,180] 
[1,10,23,41,46,48,49,60,62,71,74,94,96,97,101,128,133,154,178,180] 
[1,6,7,11,22,24,25,33,36,37,48,49,60,62,68,71,72,73,82,84,85,95,96,97,104,114,115,121,134,156,157,166,177,179,180] 
[1,11,13,19,23,32,35,37,45,47,49,60,61,66,72,81,83,85,95,96,97,106,130,133,156,165,179,180] 
[1,11,14,18,21,26,31,35,38,45,48,49,60,70,72,73,80,91,96,97,110,130,133,153,163,168,169,177,180] 
[1,6,24,25,30,31,48,49,60,62,72,74,78,79,95,99,108,134,138,139,156,158,162,164,168,169,174,180] 
[1,10,23,26,30,31,34,36,37,46,48,49,60,61,65,71,72,73,74,78,79,93,96,97,98,104,109,111,134,155,158,162,163,166,170,176,180] 
[1,3,6,7,12,13,24,25,30,31,36,37,47,48,49,60,61,71,72,73,78,79,84,85,93,96,97,102,110,131,133,138,139,144,145,156,157,162,163,168,169,177,178,179,180] 
[1,23,32,48,49,60,71,72,73,80,96,104,132,133,156,157,165,180] 
[1,5,12,13,24,26,36,37,48,49,60,61,69,72,73,78,79,84,85,96,97,98,104,108,133,155,156,157,179,180] 
[1,6,7,11,12,13,24,26,36,37,39,42,43,45,48,49,50,54,55,56,59,60,61,66,67,68,72,73,83,85,93,96,97,104,109,130,132,133,156,159,161,163,167,170,175,180] 
[1,6,7,12,13,16,23,25,30,31,36,37,47,48,49,60,62,63,71,72,73,75,78,79,84,85,94,95,96,97,98,104,109,131,137,155,158,161,163,168,169,177,179,180] 
[11,24,25,48,49,59,72,73,84,96,97,132,133,156,157,180] 
[1,22,25,29,47,49,71,96,97,109,131,138,154,179,180] 
[1,5,7,11,24,25,30,31,45,48,49,50,60,61,62,67,69,71,72,73,78,79,93,96,97,107,110,130,138,139,143,154,156,157,162,163,165,173,176,179,180] 
[1,24,25,30,31,46,48,49,60,62,72,73,84,85,94,96,98,112,156,157,168,169,177,180] 
[1,6,7,12,13,24,26,36,37,46,47,49,60,61,72,73,77,78,79,83,85,94,95,96,97,108,127,131,132,133,144,145,156,158,162,163,167,168,169,177,180] 
[1,5,23,48,49,60,72,73,95,99,109,131,137,155,179,180] 
[1,12,13,23,38,46,47,48,49,60,72,73,78,79,84,86,94,95,96,97,104,130,133,144,145,156,167,170,179,180] 
[1,6,11,24,25,34,47,48,49,60,63,66,69,72,73,83,95,96,97,100,109,130,143,152,156,157,162,163,165,166,176,179,180] 
[1,12,13,21,24,25,36,37,46,48,49,51,53,55,58,60,61,67,70,71,73,94,96,97,131,134,144,145,154,156,157,168,169,176,178,180] 
[1,11,23,48,49,60,66,71,72,73,78,95,96,97,128,133,138,154,179,180] 
[1,3,23,44,47,49,59,72,73,93,96,97,106,131,133,155,157,177,180] 
[1,4,11,22,24,25,28,33,35,39,45,48,49,51,60,70,72,73,75,83,85,93,94,95,96,97,104,131,132,133,143,154,156,157,159,165,168,169,176,177,180] 
[1,5,23,24,25,29,32,35,37,39,44,46,48,49,60,63,72,73,81,83,85,92,94,96,97,102,109,120,132,134,155,156,158,165,178,179,180] 
