[1,3,16,18,45,52,60,64,72,79,90,97,98,122,146,148,171,181,182,199,252,273,281,301,309,323,325,326,328,340,343,366,373,374,398,422,424,444,457,468,483,506,518,520,533,542,548,566,582,589,611,622,623,625] 
[1,3,6,27,42,50,51,77,87,96,98,116,140,157,160,162,171,181,182,207,237,252,262,273,277,323,325,326,327,330,355,363,366,374,397,433,449,510,526,533,577,585,586,588,592,601,621,622,623,625] 
[1,27,42,45,47,50,51,75,90,98,115,168,185,206,217,233,252,266,308,324,326,327,351,367,374,392,441,470,475,506,531,543,549,557,579,585,586,614,616,620,622,623,625] 
[1,12,15,18,27,43,49,66,75,91,97,98,145,155,159,167,178,187,201,211,216,224,251,263,271,283,296,307,314,324,325,326,327,351,367,374,422,443,478,506,516,526,533,542,549,577,583,587,591,600,603,611,622,623,624,625] 
[1,98,119,156,195,215,284,325,328,337,352,373,395,456,469,480,514,526,578,582,618,623,625] 
[1,6,61,63,93,98,118,156,160,180,204,237,273,289,299,324,326,327,330,338,339,373,374,394,432,436,468,476,505,516,520,542,550,579,580,584,592,611,614,622,623,625] 
[28,43,76,91,98,122,167,172,182,194,241,257,271,284,303,324,325,328,352,366,374,398,447,469,505,511,518,526,536,543,555,583,587,622,623,625] 
[1,28,43,75,93,98,121,147,168,187,223,241,314,324,326,328,340,350,367,374,397,417,447,463,479,484,516,527,534,542,551,579,580,584,621,623,625] 
[1,60,75,91,94,98,120,140,146,167,184,191,252,263,275,281,292,325,327,352,369,374,396,414,424,448,474,515,526,582,588,592,612,621,623,625] 
[1,29,38,44,50,51,72,76,86,91,97,98,121,162,168,188,213,241,257,271,290,303,325,328,353,362,366,373,374,397,449,468,478,484,503,505,511,520,526,536,543,555,583,587,612,622,623,625] 
[1,3,27,48,49,51,75,119,164,218,251,295,301,325,327,351,395,444,447,506,533,566,584,607,610,614,621,623,625] 
[1,4,98,146,163,190,242,251,280,309,325,328,374,422,439,452,478,484,511,512,526,546,549,570,584,592,612,622,623,625] 
[1,24,27,45,49,68,76,90,98,121,200,249,264,324,348,351,369,374,397,450,468,483,510,558,583,618,623,625] 
[4,16,23,31,45,48,51,79,90,93,98,119,126,156,168,188,223,238,248,251,257,271,281,297,309,324,326,327,355,369,374,395,403,432,445,462,468,477,484,497,511,526,533,542,550,579,585,586,592,600,611,619,623,625] 
[12,15,20,31,90,98,108,151,179,206,214,224,251,263,270,281,314,324,326,327,344,351,369,374,427,440,480,505,514,520,526,582,586,609,622,623,625] 
[1,20,29,43,49,91,98,116,168,211,252,263,275,290,308,325,326,328,355,367,374,394,444,454,468,481,516,525,533,542,555,582,587,619,623,625] 
[3,12,46,50,51,76,90,96,98,122,143,148,156,166,168,184,191,205,287,309,325,326,327,366,374,397,418,444,448,455,476,483,516,525,583,605,615,622,623,625] 
[1,27,37,75,93,98,120,169,187,218,252,294,308,325,351,366,374,396,448,470,511,532,543,551,582,618,619,621,623,625] 
[1,30,38,96,98,120,157,164,185,206,230,233,252,274,284,308,324,326,328,339,349,355,367,374,398,433,450,479,483,490,495,505,536,542,555,566,585,600,615,623,625] 
[1,18,28,45,60,76,93,98,120,164,194,228,265,275,298,316,325,326,327,357,369,374,396,449,468,493,510,525,558,582,600,620,623,625] 
[1,2,3,24,26,38,65,90,98,107,146,168,188,274,278,308,325,327,351,362,374,397,468,484,515,527,534,542,549,578,587,618,621,625] 
[3,30,46,50,51,77,98,119,143,149,156,163,168,187,217,251,257,274,283,297,302,324,327,355,369,374,383,398,433,436,470,472,484,505,516,526,576,588,598,611,623,625] 
[1,6,29,43,48,49,52,55,76,91,98,120,157,164,178,188,215,236,241,275,284,309,319,325,326,328,347,352,358,367,374,397,433,449,469,484,496,506,516,526,533,543,554,578,584,592,612,621,623,625] 
[1,13,16,25,27,48,49,53,64,72,75,98,120,135,157,159,161,210,225,252,254,265,272,278,314,325,326,327,348,352,372,374,404,433,435,439,446,519,589,591,615,622,625] 
[1,4,27,40,49,52,87,98,122,164,183,230,233,273,280,314,324,328,374,396,451,471,492,510,512,533,542,557,572,579,587,615,623,625] 
[1,2,3,6,15,20,32,93,98,132,156,168,177,191,195,209,218,226,240,247,252,262,267,274,279,287,297,305,324,326,327,339,344,356,363,374,413,421,444,460,471,475,481,505,527,565,577,584,592,601,611,622,623,625] 
[1,28,45,52,68,74,93,98,119,167,187,211,252,257,271,296,325,328,345,350,370,374,394,440,450,504,517,527,534,542,554,584,618,621,622,625] 
[1,28,44,76,91,98,121,167,188,212,241,257,271,290,303,324,352,367,374,397,449,468,504,507,520,526,534,543,555,583,607,622,623,625] 
[1,27,42,52,96,98,120,271,280,314,325,328,370,374,396,451,468,483,506,516,526,557,577,585,599,609,623,625] 
[2,3,57,61,75,95,98,122,142,153,167,184,193,205,208,217,235,252,263,275,279,285,303,324,325,326,327,369,374,398,420,424,432,452,469,472,475,483,486,495,515,526,530,543,551,585,586,589,592,606,611,622,623,625] 
[1,29,42,73,74,90,98,120,141,168,184,215,251,257,272,281,293,325,326,327,350,370,374,396,420,449,474,484,510,524,540,544,576,584,592,610,622,625] 
[1,8,43,49,56,76,86,94,98,119,169,185,221,252,259,275,281,297,304,325,326,327,330,340,367,374,395,418,424,464,476,483,510,527,584,613,622,625] 
[1,2,3,8,12,15,18,27,43,50,51,61,63,65,71,75,91,97,98,110,146,147,158,159,175,187,202,206,235,252,275,280,302,308,325,326,327,337,339,342,347,351,367,374,422,423,432,440,447,478,483,490,514,526,534,543,549,555,584,592,600,604,611,618,622,623,625] 
[1,4,6,16,18,27,46,49,51,64,91,96,98,120,152,158,177,182,200,204,212,237,251,263,301,314,325,326,327,340,342,351,363,373,374,396,460,475,483,542,551,565,583,623,625] 
[1,4,6,29,45,48,52,76,93,97,98,119,139,148,156,168,182,199,252,257,273,284,301,324,325,326,327,351,367,374,397,454,477,483,504,515,526,531,542,544,553,583,588,593,611,621,623,625] 
[1,3,25,27,48,58,60,77,120,124,143,148,157,181,182,233,243,263,273,277,287,324,333,336,353,396,419,424,430,434,437,449,470,484,561,583,587,600,603,613,622,623,624,625] 
[45,50,51,72,76,93,98,121,157,177,182,223,273,283,314,324,326,327,358,368,374,397,432,455,468,483,505,516,526,557,578,584,612,621,623,625] 
[1,2,30,45,52,54,60,64,80,91,98,120,139,157,177,183,211,241,257,273,287,301,323,326,327,356,367,374,396,416,452,470,484,505,526,534,543,551,581,584,592,607,613,622,623,625] 
[1,2,3,38,50,51,86,98,117,145,171,185,219,240,263,272,301,315,325,326,327,337,339,362,374,395,421,449,504,526,542,549,577,585,586,613,621,623,625] 
[1,2,50,51,75,99,119,168,188,218,251,308,325,327,375,395,418,449,469,483,516,526,584,612,621,623,625] 
[43,48,49,75,84,91,96,98,119,168,180,252,257,308,326,328,367,374,396,447,469,472,477,484,504,517,527,554,577,588,611,615,623,625] 
[1,98,118,180,204,272,290,325,326,327,374,394,466,475,517,520,583,612,623,625] 
[1,12,15,18,24,27,61,63,65,72,75,97,98,120,148,154,159,177,222,243,254,275,308,324,343,352,364,368,374,396,422,484,504,516,525,557,583,612,618,623,625] 
[1,4,16,24,27,43,52,90,98,121,148,168,182,275,278,302,324,329,367,374,397,433,448,478,484,504,526,586,613,623,625] 
[1,2,44,50,51,93,98,121,169,181,182,209,252,275,280,314,324,327,351,369,374,397,454,470,485,579,615,621,623,625] 
[1,91,98,120,173,188,251,304,324,327,344,349,350,364,374,396,468,473,515,530,583,612,623,625] 
[1,4,98,121,140,152,168,184,241,256,283,309,324,326,328,345,374,397,413,428,472,517,526,555,579,615,623,625] 
[1,3,28,38,76,91,98,122,170,185,208,230,300,325,327,352,367,374,398,506,526,582,615,623,625] 
[1,4,13,15,18,24,26,33,37,70,90,95,98,107,119,151,168,173,179,182,183,193,233,254,257,274,283,295,313,324,326,327,342,348,350,362,366,371,372,374,395,399,403,405,406,427,434,436,439,454,470,472,486,504,525,533,542,550,556,579,584,589,590,611,616,622,623,625] 
[1,28,38,50,51,92,98,121,168,181,309,325,326,327,370,374,397,433,448,505,526,543,550,579,613,622,623,625] 
[1,4,25,27,42,45,52,73,75,90,98,120,143,148,157,161,168,194,241,248,252,256,268,307,324,325,326,328,349,351,366,374,397,400,419,425,433,437,444,457,477,485,506,508,517,525,534,542,557,565,584,618,621,622,625] 
[1,2,3,28,42,50,51,76,90,96,98,120,156,158,194,218,290,325,326,327,352,366,372,374,397,432,448,469,484,533,542,557,582,588,612,623,625] 
[1,15,28,42,51,78,90,98,116,158,167,181,182,187,200,249,257,273,283,296,324,326,327,339,344,350,366,374,391,437,453,505,540,551,586,600,604,612,622,623,625] 
[1,25,28,43,52,92,98,121,168,185,220,250,259,273,280,303,324,326,328,368,374,396,442,506,532,542,557,579,584,593,608,618,622,623,625] 
[1,15,24,28,46,49,50,52,64,75,93,96,98,121,138,170,187,212,251,263,272,284,290,308,325,326,327,339,350,369,373,374,397,415,439,476,483,504,510,517,525,533,542,549,583,587,611,621,622,623,625] 
[1,27,45,75,94,98,122,168,185,228,314,324,328,352,374,397,449,469,517,526,535,543,557,584,612,622,623,625] 
[1,4,29,44,76,94,98,120,168,183,251,271,315,324,326,328,352,363,374,397,449,468,484,504,533,579,612,621,623,625] 
[1,13,15,24,26,37,45,61,63,72,74,91,98,116,156,168,188,208,252,257,272,283,296,324,348,350,374,394,427,448,477,483,506,515,526,540,550,576,584,592,610,622,625] 
[23,28,37,63,76,86,98,121,168,171,222,251,271,283,309,325,326,328,340,367,374,396,460,469,484,514,526,558,582,594,610,621,623,625] 
[1,11,15,17,26,39,44,82,87,97,98,122,147,171,184,219,237,272,280,286,291,324,327,342,350,363,373,374,397,402,447,480,515,526,543,550,576,583,595,609,615,623,625] 
[1,34,46,76,150,168,184,209,240,263,275,293,325,328,358,408,427,449,484,503,516,526,541,550,583,592,607,614,621,622,623,625] 
[1,12,28,45,65,98,120,172,188,229,240,247,251,263,269,282,314,325,328,352,362,368,374,396,460,468,472,504,531,544,553,576,582,593,606,622,623,625] 
[1,28,46,82,94,98,119,169,180,184,205,240,265,278,295,315,325,327,359,365,374,397,417,444,455,467,478,485,517,525,583,608,621,623,625] 
[1,3,27,38,48,52,75,90,98,113,168,193,233,270,301,324,325,328,339,343,351,363,374,397,454,477,483,506,520,524,576,585,612,621,623,625] 
[1,18,28,45,49,92,98,121,172,218,251,254,273,278,313,324,327,352,366,374,397,442,468,476,483,517,526,535,542,555,585,601,618,623,625] 
[1,15,42,50,51,60,63,90,98,118,142,203,217,230,252,257,267,281,299,324,325,327,339,366,374,395,415,451,470,493,526,582,612,623,625] 
[1,3,27,43,45,48,50,51,75,91,94,97,98,110,141,171,185,213,251,257,271,283,309,324,325,327,351,367,373,374,398,484,510,517,520,526,534,542,549,566,583,588,592,612,621,623,625] 
