[1,2,7,18,32,42,49,57,96,123,172,186,199,200,202,203] 
[1,5,7,13,17,22,23,24,34,36,42,51,60,65,69,84,88,114,116,118,129,144,156,186,191,193,196,199,200,201,203] 
[1,5,15,16,18,25,40,42,49,64,74,92,98,106,120,132,141,146,180,184,186,187,200,201,202,203] 
[1,5,8,18,23,25,29,32,37,38,42,48,57,100,113,167,184,193,195,199,202,203] 
[1,14,18,23,25,36,41,44,49,52,96,113,123,151,185,197,198,200,203] 
[1,18,25,28,32,36,42,44,49,62,65,74,93,98,137,139,159,167,172,186,200,202,203] 
[1,5,8,12,14,18,25,28,32,38,42,48,57,100,113,139,167,184,193,195,199,203] 
[1,8,11,13,18,22,26,32,42,47,49,50,51,83,91,104,114,135,137,143,158,186,190,202,203] 
[1,2,5,14,16,18,24,25,28,35,40,42,48,52,63,70,76,96,115,129,134,150,171,172,186,194,197,203] 
[1,6,7,18,31,42,51,63,67,73,94,104,122,123,131,138,146,156,185,190,194,202,203] 
[1,7,11,19,22,27,35,43,49,106,116,126,169,187,193,199,200,201,203] 
[1,6,13,18,25,27,38,42,51,77,91,107,109,125,149,185,192,195,203] 
[1,6,7,10,12,13,18,23,24,32,42,51,61,63,67,75,84,86,95,99,104,133,135,148,179,186,187,188,199,200,201,202,203] 
[1,5,14,17,23,24,44,51,79,106,116,125,149,187,194,202,203] 
[1,5,12,13,16,23,25,46,51,55,81,107,109,113,121,123,138,149,172,185,188,191,193,194,197,199,202,203] 
[1,4,13,14,18,19,22,24,38,42,46,51,79,106,109,120,126,169,186,191,192,196,198,200,201,202,203] 
[1,19,25,43,49,94,112,186,190,202,203] 
[1,20,26,32,45,46,48,49,53,101,117,123,181,189,197,198,199,201,203] 
[1,5,7,14,18,22,24,28,32,42,49,57,67,75,91,94,119,135,156,186,189,202,203] 
[1,5,8,12,14,18,19,25,28,32,38,43,48,57,96,100,121,139,167,186,194,195,201,203] 
[1,13,14,18,22,25,32,42,44,47,49,53,73,77,97,107,117,124,141,168,180,186,188,189,197,200,201,202,203] 
[1,4,18,32,42,44,49,73,100,144,163,168,189,194,200,203] 
[1,18,32,43,49,65,74,92,98,106,110,137,140,145,146,158,169,172,184,195,203] 
[1,18,25,42,51,67,75,96,116,122,123,128,141,146,184,186,188,197,202,203] 
[1,12,13,18,19,20,22,24,41,43,44,51,57,71,79,107,111,114,115,127,172,185,186,187,194,199,200,201,202,203] 
[1,18,25,42,47,49,60,106,111,116,129,145,153,186,191,197,198,201,203] 
[1,5,6,7,12,14,23,24,25,47,49,72,73,74,85,86,107,110,145,146,153,157,158,165,172,180,194,201,202,203] 
[1,5,6,7,14,18,22,23,24,30,31,40,42,45,48,49,50,51,53,55,101,103,106,123,171,186,191,197,198,202,203] 
[14,18,21,23,24,25,42,46,48,49,51,60,63,72,75,95,97,107,123,146,147,174,186,187,190,193,199,200,201,202,203] 
[1,2,5,14,16,18,24,25,40,42,49,64,74,92,98,106,120,132,141,146,180,184,186,187,201,202,203] 
[1,4,11,12,13,18,25,41,42,49,69,75,106,119,130,135,142,148,159,179,186,200,202,203] 
[1,2,4,7,10,12,15,18,22,24,26,28,31,40,42,46,49,58,62,71,74,86,91,102,104,109,121,128,134,144,146,151,156,158,169,184,186,195,197,202,203] 
[1,12,13,21,23,24,33,43,46,51,67,75,95,97,100,107,109,121,123,143,151,161,190,196,198,201,202,203] 
[1,10,14,18,22,24,26,42,47,49,52,59,63,71,76,95,99,117,123,128,137,166,186,193,198,202,203] 
[1,6,7,18,26,41,42,43,46,49,51,75,92,106,123,140,147,181,186,187,194,203] 
[1,4,18,19,23,24,25,30,31,41,43,46,49,53,67,73,74,91,106,120,139,146,184,186,187,197,198,201,202,203] 
[1,3,18,25,42,51,62,73,78,99,116,124,140,143,147,153,161,173,184,186,190,196,199,200,201,202,203] 
[1,17,22,25,29,32,35,37,51,65,80,98,106,108,121,123,128,136,141,157,164,172,176,187,190,202,203] 
[1,18,24,29,31,39,40,49,55,81,106,127,165,185,191,196,202,203] 
[1,4,5,12,13,17,22,24,29,37,42,44,53,67,107,109,116,120,126,138,161,186,195,199,201,203] 
[1,5,7,12,13,18,22,25,32,42,47,49,54,63,84,94,106,109,113,121,123,135,153,186,195,197,202,203] 
[1,6,7,12,13,19,23,24,30,31,42,51,57,78,106,119,124,133,173,174,175,180,181,185,186,187,190,197,198,202,203] 
